service_id,date,exception_type
73,20180226,1
135,20180226,1
4111,20180225,1
4100,20180224,1
4108,20180226,1
4106,20180305,1
4106,20180304,1
4109,20180224,1
4099,20180225,1
6567,20180226,2
6567,20180227,2
6567,20180228,2
6567,20180301,2
6567,20180302,2
6567,20180303,2
6560,20180227,2
6560,20180228,2
6560,20180301,2
6560,20180302,2
6560,20180303,2
6560,20180304,2
61,20180222,1
61,20180223,1
61,20180312,1
61,20180313,1
61,20180315,1
61,20180316,1
60,20180221,1
60,20180314,1
62,20180221,1
62,20180222,1
62,20180223,1
62,20180312,1
62,20180313,1
62,20180314,1
62,20180315,1
62,20180316,1
58,20180223,1
58,20180316,1
4185,20180227,1
4184,20180303,1
4184,20180312,1
4184,20180315,1
4184,20180313,2
4186,20180318,1
246,20180226,2
246,20180227,2
246,20180228,2
246,20180301,2
253,20180226,2
253,20180227,2
253,20180228,2
253,20180301,2
4794,20180226,2
4794,20180227,2
4794,20180228,2
4794,20180301,2
4794,20180302,2
4802,20180227,2
4802,20180228,2
4802,20180301,2
4802,20180302,2
4802,20180303,2
4800,20180226,2
4800,20180227,2
4800,20180228,2
4800,20180301,2
4800,20180302,2
3778,20180226,2
3778,20180227,2
3778,20180228,2
3778,20180301,2
3779,20180302,2
3779,20180223,2
3788,20180227,2
3788,20180228,2
3788,20180301,2
3788,20180302,2
3787,20180226,2
3787,20180227,2
3787,20180228,2
3787,20180301,2
3794,20180305,2
3794,20180306,2
3794,20180308,2
3794,20180312,2
3794,20180313,2
3794,20180315,2
2079,20180303,1
2079,20180224,1
5175,20180226,2
5175,20180227,2
5175,20180228,2
5175,20180301,2
5175,20180302,2
5176,20180227,2
5176,20180228,2
5176,20180301,2
5176,20180302,2
5176,20180303,2
283,20180305,2
283,20180306,2
283,20180307,2
283,20180308,2
283,20180309,2
283,20180312,2
283,20180313,2
283,20180314,2
283,20180315,2
283,20180316,2
303,20180305,2
303,20180306,2
303,20180307,2
303,20180308,2
303,20180312,2
303,20180313,2
303,20180314,2
303,20180315,2
293,20180309,2
3698,20180305,2
3698,20180306,2
3698,20180307,2
3698,20180308,2
3698,20180309,2
3698,20180312,2
3698,20180313,2
3698,20180314,2
3698,20180315,2
3698,20180316,2
3676,20180305,2
3676,20180306,2
3676,20180307,2
3676,20180308,2
3676,20180309,2
3676,20180312,2
3676,20180313,2
3676,20180314,2
3676,20180315,2
3676,20180316,2
3686,20180226,2
3686,20180227,2
3686,20180228,2
3686,20180301,2
3686,20180302,2
3680,20180226,1
3680,20180227,1
3680,20180228,1
3680,20180301,1
3680,20180302,1
3680,20180221,1
3680,20180222,1
3680,20180223,1
3683,20180226,1
3683,20180227,1
3683,20180228,1
3683,20180301,1
3683,20180302,1
3683,20180221,1
3683,20180222,1
3683,20180223,1
3683,20180303,2
3683,20180224,2
3682,20180305,2
3682,20180306,2
3682,20180307,2
3682,20180308,2
3682,20180309,2
3682,20180312,2
3682,20180313,2
3682,20180314,2
3682,20180315,2
3682,20180316,2
3667,20180305,2
3667,20180306,2
3667,20180307,2
3667,20180308,2
3667,20180309,2
3667,20180312,2
3667,20180313,2
3667,20180314,2
3667,20180315,2
3667,20180316,2
6056,20180309,2
6059,20180305,2
6059,20180306,2
6059,20180307,2
6059,20180308,2
6059,20180312,2
6059,20180313,2
6059,20180314,2
6059,20180315,2
6062,20180309,2
6065,20180305,2
6065,20180306,2
6065,20180307,2
6065,20180308,2
6065,20180312,2
6065,20180313,2
6065,20180314,2
6065,20180315,2
4789,20180305,2
4789,20180306,2
4789,20180307,2
4789,20180308,2
4789,20180309,2
4789,20180312,2
4789,20180313,2
4789,20180314,2
4789,20180315,2
4789,20180316,2
3730,20180307,2
3730,20180314,2
3734,20180307,2
3734,20180314,2
5589,20180226,2
5589,20180227,2
5589,20180228,2
5589,20180301,2
5589,20180302,2
3714,20180305,1
3714,20180306,1
3714,20180307,1
3714,20180308,1
3714,20180309,1
3714,20180312,1
3714,20180313,1
3714,20180314,1
3714,20180315,1
3714,20180316,1
3714,20180310,2
2120,20180305,2
2120,20180306,2
2120,20180307,2
2120,20180308,2
2120,20180312,2
2120,20180313,2
2120,20180314,2
2120,20180315,2
4973,20180302,2
4973,20180223,2
472,20180305,2
472,20180306,2
472,20180308,2
472,20180309,2
472,20180312,2
472,20180313,2
698,20180305,2
698,20180306,2
698,20180307,2
698,20180308,2
698,20180309,2
698,20180312,2
698,20180313,2
698,20180314,2
698,20180315,2
698,20180316,2
4996,20180226,1
4341,20180226,1
4993,20180226,1
5006,20180226,1
3913,20180305,2
3913,20180306,2
3913,20180307,2
3913,20180308,2
3913,20180312,2
3913,20180313,2
3913,20180314,2
3913,20180315,2
3916,20180305,2
3916,20180306,2
3916,20180307,2
3916,20180308,2
3916,20180312,2
3916,20180313,2
3916,20180314,2
3916,20180315,2
3818,20180227,2
3818,20180228,2
3818,20180301,2
3818,20180302,2
3818,20180303,2
3824,20180226,2
3824,20180227,2
3824,20180228,2
3824,20180301,2
3824,20180302,2
6149,20180305,2
6149,20180306,2
6149,20180307,2
6149,20180308,2
6149,20180309,2
6149,20180312,2
6149,20180313,2
6149,20180314,2
6149,20180315,2
6149,20180316,2
6153,20180305,2
6153,20180306,2
6153,20180307,2
6153,20180308,2
6153,20180309,2
6153,20180312,2
6153,20180313,2
6153,20180314,2
6153,20180315,2
6153,20180316,2
6116,20180226,2
6116,20180227,2
6116,20180228,2
6116,20180301,2
6116,20180302,2
6125,20180305,2
6125,20180306,2
6125,20180307,2
6125,20180308,2
6125,20180309,2
6125,20180312,2
6125,20180313,2
6125,20180314,2
6125,20180315,2
6125,20180316,2
4361,20180305,2
4361,20180312,2
4382,20180226,1
4382,20180227,1
4382,20180228,1
4382,20180301,1
4382,20180302,1
4382,20180221,1
4382,20180222,1
4382,20180223,1
4382,20180303,2
4382,20180224,2
4381,20180226,1
4381,20180227,1
4381,20180228,1
4381,20180301,1
4381,20180302,1
4381,20180221,1
4381,20180222,1
4381,20180223,1
4381,20180303,2
4381,20180224,2
4383,20180305,2
4383,20180306,2
4383,20180307,2
4383,20180308,2
4383,20180309,2
4383,20180312,2
4383,20180313,2
4383,20180314,2
4383,20180315,2
4383,20180316,2
4376,20180226,1
4376,20180227,1
4376,20180228,1
4376,20180301,1
4376,20180302,1
4376,20180221,1
4376,20180222,1
4376,20180223,1
4376,20180303,2
4376,20180224,2
4373,20180305,2
4373,20180306,2
4373,20180307,2
4373,20180308,2
4373,20180309,2
4373,20180312,2
4373,20180313,2
4373,20180314,2
4373,20180315,2
4373,20180316,2
6108,20180305,2
6108,20180306,2
6108,20180307,2
6108,20180308,2
6108,20180309,2
6108,20180312,2
6108,20180313,2
6108,20180314,2
6108,20180315,2
6108,20180316,2
3810,20180303,2
3810,20180224,2
3809,20180226,1
3809,20180227,1
3809,20180228,1
3809,20180301,1
3809,20180302,1
3809,20180221,1
3809,20180222,1
3809,20180223,1
3809,20180303,2
3809,20180224,2
3805,20180303,1
3805,20180224,1
3855,20180226,2
3855,20180227,2
3855,20180228,2
3855,20180301,2
3855,20180302,2
4916,20180303,1
4916,20180224,1
4918,20180227,2
4918,20180228,2
4918,20180301,2
4918,20180302,2
4918,20180303,2
4918,20180304,2
4931,20180305,2
4931,20180306,2
4931,20180307,2
4931,20180308,2
4931,20180309,2
4931,20180312,2
4931,20180313,2
4931,20180314,2
4931,20180315,2
4931,20180316,2
4929,20180303,2
4929,20180224,2
4932,20180226,1
4932,20180227,1
4932,20180228,1
4932,20180301,1
4932,20180302,1
4932,20180221,1
4932,20180222,1
4932,20180223,1
4932,20180303,2
4932,20180224,2
4926,20180304,2
4926,20180225,2
4927,20180226,1
4927,20180227,1
4927,20180228,1
4927,20180301,1
4927,20180302,1
4927,20180221,1
4927,20180222,1
4927,20180223,1
4867,20180305,2
4867,20180306,2
4867,20180307,2
4867,20180308,2
4867,20180312,2
4867,20180313,2
4867,20180314,2
4867,20180315,2
4861,20180226,1
4861,20180227,1
4861,20180228,1
4861,20180301,1
4861,20180302,1
4861,20180221,1
4861,20180222,1
4861,20180223,1
5831,20180227,2
5831,20180228,2
5831,20180301,2
5831,20180302,2
5831,20180303,2
5866,20180307,2
5866,20180314,2
5852,20180303,1
5852,20180224,1
5849,20180226,2
5849,20180227,2
5849,20180228,2
5849,20180301,2
5849,20180302,2
5861,20180303,2
5861,20180224,2
5859,20180226,1
5859,20180227,1
5859,20180228,1
5859,20180301,1
5859,20180302,1
5859,20180221,1
5859,20180222,1
5859,20180223,1
5816,20180305,2
5816,20180306,2
5816,20180307,2
5816,20180308,2
5816,20180309,2
5816,20180312,2
5816,20180313,2
5816,20180314,2
5816,20180315,2
5816,20180316,2
5810,20180303,1
5810,20180224,1
5805,20180226,1
5805,20180227,1
5805,20180228,1
5805,20180301,1
5805,20180302,1
5805,20180221,1
5805,20180222,1
5805,20180223,1
3186,20180312,1
4672,20180305,1
4672,20180306,1
4672,20180307,1
4672,20180308,1
4672,20180309,1
4672,20180312,1
4672,20180313,1
4672,20180314,1
4672,20180315,1
4672,20180316,1
4672,20180310,2
5762,20180226,2
5762,20180227,2
5762,20180228,2
5762,20180301,2
5762,20180302,2
5766,20180303,2
5796,20180303,2
4641,20180305,1
4641,20180306,1
4641,20180307,1
4641,20180308,1
4641,20180309,1
4641,20180312,1
4641,20180313,1
4641,20180314,1
4641,20180315,1
4641,20180316,1
4641,20180310,2
4653,20180226,1
4653,20180227,1
4653,20180228,1
4653,20180301,1
4653,20180302,1
4653,20180303,1
4653,20180221,1
4653,20180222,1
4653,20180223,1
4653,20180224,1
4651,20180226,1
4651,20180227,1
4651,20180228,1
4651,20180301,1
4651,20180221,1
4651,20180222,1
3349,20180305,2
3349,20180312,2
3371,20180306,2
3371,20180307,2
3371,20180308,2
3371,20180309,2
3370,20180305,2
3370,20180312,2
3065,20180312,1
3314,20180307,2
3314,20180314,2
3311,20180305,2
3311,20180306,2
3311,20180308,2
3311,20180309,2
3311,20180312,2
3311,20180313,2
3308,20180307,2
3308,20180314,2
3319,20180307,2
3319,20180314,2
3324,20180307,2
3324,20180314,2
3323,20180305,2
3323,20180306,2
3323,20180308,2
3323,20180309,2
3323,20180312,2
3323,20180313,2
3225,20180226,2
3225,20180227,2
3225,20180228,2
3225,20180301,2
3233,20180226,2
3233,20180227,2
3233,20180228,2
3233,20180301,2
3235,20180309,2
3230,20180302,1
3230,20180223,1
3231,20180302,1
3231,20180303,1
3231,20180223,1
3231,20180224,1
3241,20180226,2
3241,20180227,2
3241,20180228,2
3241,20180301,2
3241,20180302,2
3243,20180228,2
827,20180303,2
2862,20180226,2
2862,20180227,2
2862,20180228,2
2862,20180301,2
2862,20180302,2
2858,20180305,2
2858,20180306,2
2858,20180308,2
2858,20180312,2
2858,20180313,2
2858,20180315,2
2880,20180226,2
2880,20180227,2
2880,20180301,2
2916,20180303,2
2918,20180226,2
2918,20180227,2
2918,20180228,2
2918,20180301,2
2918,20180302,2
2887,20180303,2
2843,20180226,1
2843,20180227,1
2843,20180228,1
2843,20180301,1
2843,20180302,1
2843,20180221,1
2843,20180222,1
2843,20180223,1
2841,20180226,2
2841,20180227,2
2841,20180228,2
2841,20180301,2
2841,20180302,2
2847,20180226,2
2847,20180227,2
2847,20180228,2
2847,20180301,2
2847,20180302,2
2852,20180226,2
2852,20180227,2
2852,20180228,2
2852,20180301,2
2852,20180302,2
4585,20180226,1
4585,20180227,1
4585,20180228,1
4585,20180301,1
4585,20180302,1
4585,20180221,1
4585,20180222,1
4585,20180223,1
2821,20180312,1
2831,20180312,1
1652,20180305,2
1652,20180306,2
1652,20180307,2
1652,20180308,2
1652,20180309,2
1652,20180312,2
1652,20180313,2
1652,20180314,2
1652,20180315,2
1652,20180316,2
1646,20180306,2
1646,20180307,2
1646,20180308,2
1646,20180309,2
1646,20180310,2
1645,20180226,1
1645,20180227,1
1645,20180228,1
1645,20180301,1
1645,20180302,1
1645,20180221,1
1645,20180222,1
1645,20180223,1
1647,20180306,2
1647,20180307,2
1647,20180308,2
1647,20180309,2
1654,20180303,2
1650,20180226,2
1650,20180227,2
1650,20180228,2
1650,20180301,2
1650,20180302,2
1651,20180227,2
1651,20180228,2
1651,20180301,2
1651,20180302,2
1651,20180303,2
2940,20180226,1
2940,20180227,1
2940,20180228,1
2940,20180301,1
2940,20180302,1
2940,20180221,1
2940,20180222,1
2940,20180223,1
2943,20180226,2
2943,20180227,2
2943,20180228,2
2943,20180301,2
2943,20180302,2
2945,20180305,2
2945,20180306,2
2945,20180307,2
2945,20180308,2
2945,20180309,2
2945,20180312,2
2945,20180313,2
2945,20180314,2
2945,20180315,2
2945,20180316,2
512,20180227,2
512,20180228,2
512,20180301,2
512,20180302,2
512,20180303,2
511,20180226,2
511,20180227,2
511,20180228,2
511,20180301,2
511,20180302,2
514,20180226,2
514,20180227,2
514,20180228,2
514,20180301,2
514,20180302,2
2657,20180224,1
2587,20180226,1
2587,20180227,1
2594,20180227,1
2655,20180226,1
2648,20180225,1
4611,20180305,2
4611,20180306,2
4611,20180308,2
4611,20180309,2
4611,20180312,2
4611,20180313,2
3022,20180303,2
2946,20180305,2
2946,20180306,2
2946,20180307,2
2946,20180308,2
2946,20180309,2
2946,20180312,2
2946,20180313,2
2946,20180314,2
2946,20180315,2
2946,20180316,2
2948,20180226,2
2948,20180227,2
2948,20180228,2
2948,20180301,2
2948,20180302,2
2947,20180227,2
2947,20180228,2
2947,20180301,2
2947,20180302,2
2947,20180303,2
2949,20180305,2
2949,20180306,2
2949,20180307,2
2949,20180308,2
2949,20180309,2
2949,20180312,2
2949,20180313,2
2949,20180314,2
2949,20180315,2
2949,20180316,2
2978,20180305,2
2978,20180306,2
2978,20180307,2
2978,20180308,2
2978,20180309,2
2978,20180312,2
2978,20180313,2
2978,20180314,2
2978,20180315,2
2978,20180316,2
2982,20180227,2
2982,20180228,2
2982,20180301,2
2982,20180302,2
2982,20180303,2
2981,20180226,2
2981,20180227,2
2981,20180228,2
2981,20180301,2
2981,20180302,2
6010,20180306,2
6010,20180307,2
6010,20180308,2
6010,20180309,2
6012,20180226,2
6012,20180227,2
6012,20180228,2
6012,20180301,2
6012,20180302,2
6009,20180226,1
6009,20180227,1
6009,20180228,1
6009,20180301,1
6009,20180221,1
6009,20180222,1
6008,20180226,1
6008,20180227,1
6008,20180228,1
6008,20180301,1
6008,20180302,1
6008,20180221,1
6008,20180222,1
6008,20180223,1
6003,20180305,2
6003,20180306,2
6003,20180307,2
6003,20180308,2
6003,20180309,2
6003,20180312,2
6003,20180313,2
6003,20180314,2
6003,20180315,2
6003,20180316,2
6020,20180303,2
6027,20180303,2
6037,20180226,2
6037,20180227,2
6037,20180228,2
6037,20180301,2
6037,20180302,2
6033,20180226,1
6033,20180227,1
6033,20180228,1
6033,20180301,1
6033,20180302,1
6033,20180221,1
6033,20180222,1
6033,20180223,1
3596,20180226,1
3596,20180227,1
3596,20180228,1
3596,20180301,1
3596,20180302,1
3596,20180221,1
3596,20180222,1
3596,20180223,1
5986,20180226,2
5986,20180227,2
5986,20180228,2
5986,20180301,2
5986,20180302,2
5989,20180305,2
5989,20180306,2
5989,20180307,2
5989,20180308,2
5989,20180309,2
5989,20180312,2
5989,20180313,2
5989,20180314,2
5989,20180315,2
5989,20180316,2
5980,20180226,2
5980,20180227,2
5980,20180228,2
5980,20180301,2
5980,20180302,2
5929,20180306,2
5929,20180307,2
5929,20180308,2
5929,20180309,2
5926,20180303,2
5913,20180306,2
5913,20180307,2
5913,20180308,2
5913,20180309,2
5915,20180306,2
5915,20180307,2
5915,20180308,2
5915,20180309,2
5915,20180310,2
877,20180306,2
877,20180309,2
877,20180313,2
879,20180226,2
879,20180227,2
879,20180228,2
879,20180301,2
879,20180302,2
5944,20180226,2
5944,20180227,2
5944,20180228,2
5944,20180301,2
5945,20180302,2
5945,20180223,2
5954,20180302,2
5954,20180223,2
5952,20180226,2
5952,20180227,2
5952,20180228,2
5952,20180301,2
4748,20180305,2
4748,20180306,2
4748,20180307,2
4748,20180308,2
4748,20180309,2
4748,20180312,2
4748,20180313,2
4748,20180314,2
4748,20180315,2
4748,20180316,2
4734,20180303,2
4735,20180226,1
4735,20180227,1
4735,20180228,1
4735,20180301,1
4735,20180302,1
4735,20180221,1
4735,20180222,1
4735,20180223,1
4736,20180227,1
4736,20180228,1
4736,20180301,1
4736,20180302,1
4736,20180303,1
4736,20180221,1
4736,20180222,1
4736,20180223,1
4736,20180224,1
4766,20180305,2
4766,20180306,2
4766,20180307,2
4766,20180308,2
4766,20180309,2
4766,20180312,2
4766,20180313,2
4766,20180314,2
4766,20180315,2
4766,20180316,2
4755,20180226,1
4755,20180227,1
4755,20180228,1
4755,20180301,1
4755,20180302,1
4755,20180221,1
4755,20180222,1
4755,20180223,1
4756,20180227,1
4756,20180228,1
4756,20180301,1
4756,20180302,1
4756,20180303,1
4756,20180221,1
4756,20180222,1
4756,20180223,1
4756,20180224,1
4754,20180226,1
4754,20180227,1
4754,20180228,1
4754,20180301,1
4754,20180302,1
4754,20180221,1
4754,20180222,1
4754,20180223,1
887,20180305,2
887,20180306,2
887,20180307,2
887,20180308,2
887,20180309,2
887,20180312,2
887,20180313,2
887,20180314,2
887,20180315,2
887,20180316,2
892,20180305,2
892,20180306,2
892,20180307,2
892,20180308,2
892,20180309,2
892,20180312,2
892,20180313,2
892,20180314,2
892,20180315,2
892,20180316,2
3661,20180226,2
3661,20180227,2
3661,20180228,2
3661,20180301,2
3661,20180302,2
3662,20180227,2
3662,20180228,2
3662,20180301,2
3662,20180302,2
3662,20180303,2
1043,20180226,2
1043,20180227,2
1043,20180228,2
1043,20180301,2
1043,20180302,2
6042,20180226,1
6042,20180227,1
6042,20180228,1
6042,20180301,1
6042,20180302,1
6042,20180221,1
6042,20180222,1
6042,20180223,1
3640,20180305,2
3640,20180306,2
3640,20180307,2
3640,20180308,2
3640,20180309,2
3640,20180312,2
3640,20180313,2
3640,20180314,2
3640,20180315,2
3640,20180316,2
3630,20180226,2
3630,20180227,2
3630,20180228,2
3630,20180301,2
3630,20180302,2
3632,20180303,2
3632,20180224,2
3627,20180303,1
3627,20180224,1
3492,20180303,2
3492,20180224,2
5870,20180227,1
5870,20180228,1
5870,20180301,1
5870,20180302,1
5870,20180303,1
5870,20180221,1
5870,20180222,1
5870,20180223,1
5870,20180224,1
5873,20180226,2
5873,20180227,2
5873,20180228,2
5873,20180301,2
5873,20180302,2
3526,20180305,1
3526,20180306,1
3526,20180307,1
3526,20180308,1
3526,20180309,1
3526,20180312,1
3526,20180313,1
3526,20180314,1
3526,20180315,1
3526,20180316,1
3526,20180310,2
3518,20180312,1
3537,20180312,1
3538,20180303,1
3538,20180224,1
3538,20180304,2
3538,20180225,2
4702,20180303,1
4702,20180224,1
4703,20180311,2
4691,20180305,2
4691,20180306,2
4691,20180307,2
4691,20180308,2
4691,20180309,2
4691,20180312,2
4691,20180313,2
4691,20180314,2
4691,20180315,2
4691,20180316,2
188,20180227,1
213,20180227,1
235,20180227,1
2234,20180306,2
2234,20180307,2
2234,20180308,2
2234,20180309,2
2235,20180309,2
2210,20180306,2
2210,20180307,2
2210,20180308,2
2210,20180309,2
2214,20180305,2
2214,20180312,2
2211,20180309,2
2244,20180306,2
2244,20180307,2
2244,20180308,2
2244,20180309,2
2245,20180309,2
2219,20180306,2
2219,20180307,2
2219,20180308,2
2219,20180309,2
2226,20180305,2
2226,20180312,2
2223,20180306,2
2223,20180307,2
2223,20180308,2
2223,20180313,2
2223,20180314,2
2223,20180315,2
2222,20180309,2
3426,20180305,2
3426,20180306,2
3426,20180307,2
3426,20180308,2
3426,20180309,2
3426,20180312,2
3426,20180313,2
3426,20180314,2
3426,20180315,2
3426,20180316,2
3441,20180226,2
3441,20180227,2
3441,20180228,2
3441,20180301,2
3441,20180302,2
3459,20180303,1
3459,20180224,1
3462,20180227,1
3462,20180228,1
3462,20180301,1
3462,20180302,1
3462,20180303,1
3462,20180221,1
3462,20180222,1
3462,20180223,1
3462,20180224,1
3460,20180305,2
3460,20180306,2
3460,20180307,2
3460,20180308,2
3460,20180309,2
3460,20180312,2
3460,20180313,2
3460,20180314,2
3460,20180315,2
3460,20180316,2
3456,20180226,2
3456,20180227,2
3456,20180228,2
3456,20180301,2
3456,20180302,2
3453,20180227,2
3453,20180228,2
3453,20180301,2
3453,20180302,2
3453,20180303,2
3458,20180303,2
4311,20180225,1
4315,20180226,1
5161,20180302,2
5161,20180223,2
847,20180306,2
847,20180307,2
847,20180308,2
847,20180309,2
3940,20180309,2
3943,20180305,2
3943,20180306,2
3943,20180307,2
3943,20180308,2
3943,20180312,2
3943,20180313,2
3943,20180314,2
3943,20180315,2
3947,20180309,2
3948,20180302,2
3948,20180223,2
3951,20180305,2
3951,20180306,2
3951,20180307,2
3951,20180308,2
3951,20180312,2
3951,20180313,2
3951,20180314,2
3951,20180315,2
6256,20180226,1
6256,20180227,1
6256,20180228,1
6256,20180301,1
6256,20180302,1
6256,20180221,1
6256,20180222,1
6256,20180223,1
6256,20180303,2
6256,20180224,2
6248,20180226,2
6248,20180227,2
6248,20180228,2
6248,20180301,2
6248,20180302,2
6247,20180226,2
6247,20180227,2
6247,20180228,2
6247,20180301,2
6247,20180302,2
6249,20180226,1
6249,20180227,1
6249,20180228,1
6249,20180301,1
6249,20180302,1
6249,20180221,1
6249,20180222,1
6249,20180223,1
6246,20180226,2
6246,20180227,2
6246,20180228,2
6246,20180301,2
6246,20180302,2
6246,20180303,2
6244,20180303,1
6244,20180224,1
6250,20180226,1
6250,20180227,1
6250,20180228,1
6250,20180301,1
6250,20180302,1
6250,20180303,1
6250,20180221,1
6250,20180222,1
6250,20180223,1
6250,20180224,1
6254,20180303,1
6254,20180224,1
6253,20180303,2
6252,20180226,1
6252,20180227,1
6252,20180228,1
6252,20180301,1
6252,20180302,1
6252,20180221,1
6252,20180222,1
6252,20180223,1
6251,20180226,1
6251,20180227,1
6251,20180228,1
6251,20180301,1
6251,20180302,1
6251,20180221,1
6251,20180222,1
6251,20180223,1
6251,20180303,2
6251,20180224,2
1719,20180312,1
2805,20180311,2
2809,20180303,1
2809,20180224,1
2809,20180304,2
2809,20180225,2
2812,20180312,1
2811,20180304,2
2811,20180225,2
2083,20180308,2
2082,20180308,2
2089,20180301,2
2089,20180222,2
2086,20180301,2
2086,20180222,2
2090,20180301,2
2090,20180222,2
2098,20180308,2
2105,20180301,2
2105,20180222,2
2106,20180301,2
2106,20180222,2
2099,20180308,2
2103,20180301,2
2103,20180222,2
5095,20180226,1
5095,20180227,1
1360,20180226,2
1360,20180227,2
1360,20180228,2
1360,20180301,2
1359,20180226,1
1359,20180227,1
1359,20180228,1
1359,20180301,1
1359,20180221,1
1359,20180222,1
1371,20180309,2
1372,20180226,2
1372,20180227,2
1372,20180228,2
1372,20180301,2
1372,20180302,2
1346,20180226,1
1346,20180227,1
1346,20180228,1
1346,20180301,1
1346,20180302,1
1346,20180221,1
1346,20180222,1
1346,20180223,1
1345,20180226,2
1345,20180227,2
1345,20180228,2
1345,20180301,2
1345,20180302,2
1381,20180305,2
1381,20180306,2
1381,20180307,2
1381,20180308,2
1381,20180312,2
1381,20180313,2
1381,20180314,2
1381,20180315,2
1342,20180226,2
1342,20180227,2
1342,20180228,2
1342,20180301,2
1344,20180302,2
1347,20180226,1
1347,20180227,1
1347,20180228,1
1347,20180301,1
1347,20180302,1
1347,20180221,1
1347,20180222,1
1347,20180223,1
1382,20180305,2
1382,20180306,2
1382,20180307,2
1382,20180308,2
1382,20180309,2
1382,20180312,2
1382,20180313,2
1382,20180314,2
1382,20180315,2
1382,20180316,2
1374,20180226,2
1374,20180227,2
1374,20180228,2
1374,20180301,2
1375,20180309,2
1376,20180226,2
1376,20180227,2
1376,20180228,2
1376,20180301,2
1389,20180302,2
1385,20180226,1
1385,20180227,1
1385,20180228,1
1385,20180301,1
1385,20180221,1
1385,20180222,1
1385,20180302,2
1385,20180223,2
1403,20180226,1
1403,20180227,1
1403,20180228,1
1403,20180301,1
1403,20180302,1
1403,20180221,1
1403,20180222,1
1403,20180223,1
1405,20180226,2
1405,20180227,2
1405,20180228,2
1405,20180301,2
1405,20180302,2
1409,20180226,1
1409,20180227,1
1409,20180228,1
1409,20180301,1
1409,20180221,1
1409,20180222,1
1407,20180226,2
1407,20180227,2
1407,20180228,2
1407,20180301,2
1435,20180309,2
1433,20180226,2
1433,20180227,2
1433,20180228,2
1433,20180301,2
1441,20180305,2
1441,20180306,2
1441,20180307,2
1441,20180308,2
1441,20180309,2
1441,20180312,2
1441,20180313,2
1441,20180314,2
1441,20180315,2
1441,20180316,2
1440,20180305,2
1440,20180306,2
1440,20180307,2
1440,20180308,2
1440,20180309,2
1440,20180312,2
1440,20180313,2
1440,20180314,2
1440,20180315,2
1440,20180316,2
1421,20180226,2
1421,20180227,2
1421,20180228,2
1421,20180301,2
1430,20180226,2
1430,20180227,2
1430,20180228,2
1430,20180301,2
1431,20180309,2
1431,20180316,2
1428,20180226,2
1428,20180227,2
1428,20180228,2
1428,20180301,2
1428,20180302,2
1447,20180305,2
1447,20180306,2
1447,20180307,2
1447,20180308,2
1447,20180312,2
1447,20180313,2
1447,20180314,2
1447,20180315,2
1445,20180305,2
1445,20180306,2
1445,20180307,2
1445,20180308,2
1445,20180312,2
1445,20180313,2
1445,20180314,2
1445,20180315,2
1444,20180226,1
1444,20180227,1
1444,20180228,1
1444,20180301,1
1444,20180221,1
1444,20180222,1
1444,20180302,2
1444,20180223,2
923,20180223,1
919,20180224,1
938,20180312,1
352,20180305,1
352,20180307,1
352,20180308,1
352,20180312,1
352,20180314,1
352,20180315,1
352,20180306,2
352,20180309,2
352,20180313,2
345,20180226,2
345,20180228,2
345,20180301,2
349,20180305,1
349,20180307,1
349,20180308,1
349,20180312,1
349,20180314,1
349,20180315,1
349,20180306,2
349,20180309,2
349,20180313,2
349,20180316,2
353,20180227,2
353,20180302,2
353,20180223,2
354,20180226,2
354,20180228,2
354,20180301,2
357,20180309,2
350,20180226,2
350,20180227,2
350,20180228,2
350,20180301,2
350,20180302,2
325,20180227,2
325,20180302,2
323,20180226,2
323,20180228,2
323,20180301,2
322,20180227,1
322,20180302,1
322,20180223,1
334,20180226,2
334,20180228,2
334,20180301,2
334,20180302,2
333,20180227,2
326,20180226,1
326,20180228,1
326,20180301,1
326,20180221,1
326,20180222,1
328,20180227,1
328,20180302,1
328,20180223,1
330,20180226,1
330,20180227,1
330,20180228,1
330,20180301,1
330,20180302,1
330,20180221,1
330,20180222,1
330,20180223,1
332,20180227,2
332,20180302,2
331,20180227,1
331,20180302,1
331,20180223,1
331,20180226,2
331,20180228,2
331,20180301,2
338,20180226,1
338,20180227,1
338,20180228,1
338,20180301,1
338,20180302,1
338,20180221,1
338,20180222,1
338,20180223,1
342,20180309,2
342,20180316,2
343,20180305,1
343,20180307,1
343,20180308,1
343,20180312,1
343,20180314,1
343,20180315,1
343,20180309,2
335,20180226,2
335,20180227,2
335,20180228,2
335,20180301,2
335,20180302,2
351,20180306,2
351,20180309,2
351,20180313,2
372,20180226,1
372,20180228,1
372,20180301,1
372,20180221,1
372,20180222,1
372,20180227,2
372,20180302,2
372,20180223,2
367,20180227,2
365,20180227,2
365,20180302,2
364,20180305,2
364,20180307,2
364,20180308,2
364,20180312,2
364,20180314,2
364,20180315,2
371,20180226,1
371,20180228,1
371,20180301,1
371,20180221,1
371,20180222,1
371,20180302,2
371,20180223,2
373,20180306,1
373,20180313,1
373,20180305,2
373,20180307,2
373,20180308,2
373,20180312,2
359,20180306,2
359,20180309,2
359,20180313,2
359,20180316,2
360,20180305,2
360,20180306,2
360,20180307,2
360,20180308,2
360,20180309,2
360,20180312,2
360,20180313,2
360,20180314,2
360,20180315,2
360,20180316,2
363,20180302,2
366,20180226,1
366,20180228,1
366,20180301,1
366,20180221,1
366,20180222,1
366,20180227,2
366,20180302,2
366,20180223,2
382,20180227,1
382,20180302,1
382,20180223,1
381,20180226,1
381,20180228,1
381,20180301,1
381,20180221,1
381,20180222,1
384,20180226,1
384,20180228,1
384,20180301,1
384,20180221,1
384,20180222,1
384,20180227,2
384,20180302,2
384,20180223,2
380,20180226,1
380,20180227,1
380,20180228,1
380,20180301,1
380,20180302,1
380,20180221,1
380,20180222,1
380,20180223,1
377,20180227,2
377,20180302,2
378,20180227,1
378,20180302,1
378,20180223,1
378,20180226,2
378,20180228,2
378,20180301,2
376,20180227,1
376,20180302,1
376,20180223,1
379,20180226,2
379,20180228,2
379,20180301,2
385,20180227,1
385,20180302,1
385,20180223,1
383,20180227,2
383,20180302,2
395,20180305,1
395,20180307,1
395,20180308,1
395,20180312,1
395,20180314,1
395,20180315,1
395,20180306,2
395,20180309,2
395,20180313,2
399,20180305,1
399,20180307,1
399,20180308,1
399,20180312,1
399,20180314,1
399,20180315,1
399,20180306,2
399,20180309,2
399,20180313,2
399,20180316,2
404,20180227,2
404,20180302,2
404,20180223,2
401,20180226,2
401,20180228,2
401,20180301,2
402,20180226,2
402,20180227,2
402,20180228,2
402,20180301,2
402,20180302,2
390,20180227,1
390,20180302,1
390,20180223,1
390,20180226,2
390,20180228,2
390,20180301,2
387,20180227,2
396,20180226,2
396,20180228,2
396,20180301,2
398,20180306,2
398,20180309,2
398,20180313,2
423,20180226,1
423,20180228,1
423,20180301,1
423,20180221,1
423,20180222,1
423,20180227,2
423,20180302,2
423,20180223,2
424,20180226,1
424,20180228,1
424,20180301,1
424,20180221,1
424,20180222,1
424,20180302,2
424,20180223,2
412,20180306,2
412,20180309,2
412,20180313,2
412,20180316,2
410,20180305,2
410,20180306,2
410,20180307,2
410,20180308,2
410,20180309,2
410,20180312,2
410,20180313,2
410,20180314,2
410,20180315,2
410,20180316,2
406,20180309,2
416,20180227,2
416,20180302,2
418,20180305,2
418,20180307,2
418,20180308,2
418,20180312,2
418,20180314,2
418,20180315,2
419,20180226,1
419,20180228,1
419,20180301,1
419,20180221,1
419,20180222,1
419,20180227,2
419,20180302,2
419,20180223,2
417,20180302,2
6286,20180226,1
6286,20180227,1
6286,20180228,1
6286,20180301,1
6286,20180302,1
6286,20180221,1
6286,20180222,1
6286,20180223,1
6289,20180305,2
6289,20180306,2
6289,20180307,2
6289,20180308,2
6289,20180309,2
6289,20180312,2
6289,20180313,2
6289,20180314,2
6289,20180315,2
6289,20180316,2
6281,20180226,2
6281,20180227,2
6281,20180228,2
6281,20180301,2
6281,20180302,2
6277,20180226,2
6277,20180227,2
6277,20180228,2
6277,20180301,2
6277,20180302,2
6284,20180226,1
6284,20180227,1
6284,20180228,1
6284,20180301,1
6284,20180302,1
6284,20180221,1
6284,20180222,1
6284,20180223,1
6302,20180226,1
6302,20180227,1
6302,20180228,1
6302,20180301,1
6302,20180302,1
6302,20180221,1
6302,20180222,1
6302,20180223,1
6307,20180305,2
6307,20180306,2
6307,20180307,2
6307,20180308,2
6307,20180309,2
6307,20180312,2
6307,20180313,2
6307,20180314,2
6307,20180315,2
6307,20180316,2
6294,20180226,2
6294,20180227,2
6294,20180228,2
6294,20180301,2
6294,20180302,2
6298,20180226,2
6298,20180227,2
6298,20180228,2
6298,20180301,2
6298,20180302,2
6303,20180226,1
6303,20180227,1
6303,20180228,1
6303,20180301,1
6303,20180302,1
6303,20180221,1
6303,20180222,1
6303,20180223,1
6297,20180226,2
6297,20180227,2
6297,20180228,2
6297,20180301,2
6297,20180302,2
726,20180303,1
726,20180224,1
724,20180226,2
724,20180227,2
724,20180228,2
724,20180301,2
724,20180302,2
727,20180303,1
727,20180224,1
727,20180226,2
727,20180227,2
727,20180228,2
727,20180301,2
727,20180302,2
741,20180305,2
741,20180306,2
741,20180307,2
741,20180308,2
741,20180309,2
741,20180312,2
741,20180313,2
741,20180314,2
741,20180315,2
741,20180316,2
742,20180226,1
742,20180227,1
742,20180228,1
742,20180301,1
742,20180302,1
742,20180221,1
742,20180222,1
742,20180223,1
742,20180303,2
742,20180224,2
725,20180310,2
721,20180303,2
721,20180224,2
732,20180303,2
732,20180224,2
730,20180226,2
730,20180227,2
730,20180228,2
730,20180301,2
730,20180302,2
729,20180226,2
729,20180227,2
729,20180228,2
729,20180301,2
729,20180302,2
729,20180303,2
734,20180226,1
734,20180227,1
734,20180228,1
734,20180301,1
734,20180302,1
734,20180303,1
734,20180221,1
734,20180222,1
734,20180223,1
734,20180224,1
738,20180303,2
735,20180226,1
735,20180227,1
735,20180228,1
735,20180301,1
735,20180302,1
735,20180221,1
735,20180222,1
735,20180223,1
736,20180303,1
736,20180224,1
748,20180305,1
748,20180306,1
748,20180307,1
748,20180308,1
748,20180309,1
748,20180312,1
748,20180313,1
748,20180314,1
748,20180315,1
748,20180316,1
748,20180310,2
754,20180226,2
754,20180227,2
754,20180228,2
754,20180301,2
754,20180302,2
754,20180303,2
752,20180226,2
752,20180227,2
752,20180228,2
752,20180301,2
752,20180302,2
755,20180303,2
755,20180224,2
749,20180303,1
749,20180224,1
749,20180226,2
749,20180227,2
749,20180228,2
749,20180301,2
749,20180302,2
753,20180226,2
753,20180227,2
753,20180228,2
753,20180301,2
753,20180302,2
764,20180303,2
762,20180303,1
762,20180224,1
765,20180226,1
765,20180227,1
765,20180228,1
765,20180301,1
765,20180302,1
765,20180303,1
765,20180221,1
765,20180222,1
765,20180223,1
765,20180224,1
763,20180226,1
763,20180227,1
763,20180228,1
763,20180301,1
763,20180302,1
763,20180221,1
763,20180222,1
763,20180223,1
756,20180310,2
757,20180303,1
757,20180224,1
767,20180226,1
767,20180227,1
767,20180228,1
767,20180301,1
767,20180302,1
767,20180221,1
767,20180222,1
767,20180223,1
767,20180303,2
767,20180224,2
768,20180305,2
768,20180306,2
768,20180307,2
768,20180308,2
768,20180309,2
768,20180312,2
768,20180313,2
768,20180314,2
768,20180315,2
768,20180316,2
1460,20180226,1
1460,20180227,1
1460,20180228,1
1460,20180301,1
1460,20180302,1
1460,20180221,1
1460,20180222,1
1460,20180223,1
1461,20180305,2
1461,20180306,2
1461,20180307,2
1461,20180308,2
1461,20180309,2
1461,20180312,2
1461,20180313,2
1461,20180314,2
1461,20180315,2
1461,20180316,2
1463,20180226,1
1463,20180227,1
1463,20180228,1
1463,20180301,1
1463,20180302,1
1463,20180221,1
1463,20180222,1
1463,20180223,1
1470,20180226,2
1470,20180227,2
1470,20180228,2
1470,20180301,2
1470,20180302,2
1458,20180303,2
1458,20180224,2
1472,20180226,2
1472,20180227,2
1472,20180228,2
1472,20180301,2
1472,20180302,2
1474,20180226,2
1474,20180227,2
1474,20180228,2
1474,20180301,2
1474,20180302,2
1473,20180226,2
1473,20180227,2
1473,20180228,2
1473,20180301,2
1476,20180303,1
1476,20180224,1
1471,20180226,2
1471,20180227,2
1471,20180228,2
1471,20180301,2
1471,20180302,2
1512,20180305,2
1512,20180306,2
1512,20180307,2
1512,20180308,2
1512,20180309,2
1512,20180312,2
1512,20180313,2
1512,20180314,2
1512,20180315,2
1512,20180316,2
1520,20180226,2
1520,20180227,2
1520,20180228,2
1520,20180301,2
1520,20180302,2
1519,20180226,2
1519,20180227,2
1519,20180228,2
1519,20180301,2
1519,20180302,2
1513,20180226,1
1513,20180227,1
1513,20180228,1
1513,20180301,1
1513,20180302,1
1513,20180221,1
1513,20180222,1
1513,20180223,1
1510,20180305,2
1510,20180306,2
1510,20180307,2
1510,20180308,2
1510,20180309,2
1510,20180312,2
1510,20180313,2
1510,20180314,2
1510,20180315,2
1510,20180316,2
1504,20180303,2
1504,20180224,2
1505,20180303,2
1505,20180224,2
1506,20180305,2
1506,20180306,2
1506,20180307,2
1506,20180308,2
1506,20180309,2
1506,20180312,2
1506,20180313,2
1506,20180314,2
1506,20180315,2
1506,20180316,2
1522,20180303,2
1531,20180226,1
1531,20180227,1
1531,20180228,1
1531,20180301,1
1531,20180302,1
1531,20180221,1
1531,20180222,1
1531,20180223,1
1526,20180303,2
1526,20180224,2
1527,20180303,2
1527,20180224,2
1529,20180305,2
1529,20180306,2
1529,20180307,2
1529,20180308,2
1529,20180309,2
1529,20180312,2
1529,20180313,2
1529,20180314,2
1529,20180315,2
1529,20180316,2
1539,20180226,2
1539,20180227,2
1539,20180228,2
1539,20180301,2
1539,20180302,2
1537,20180226,2
1537,20180227,2
1537,20180228,2
1537,20180301,2
1537,20180302,2
1541,20180303,1
1541,20180224,1
1532,20180226,1
1532,20180227,1
1532,20180228,1
1532,20180301,1
1532,20180302,1
1532,20180221,1
1532,20180222,1
1532,20180223,1
1533,20180227,1
1533,20180228,1
1533,20180301,1
1533,20180302,1
1533,20180303,1
1533,20180221,1
1533,20180222,1
1533,20180223,1
1533,20180224,1
1497,20180226,2
1497,20180227,2
1497,20180228,2
1497,20180301,2
1497,20180302,2
1496,20180226,2
1496,20180227,2
1496,20180228,2
1496,20180301,2
1496,20180302,2
1484,20180226,1
1484,20180227,1
1484,20180228,1
1484,20180301,1
1484,20180302,1
1484,20180221,1
1484,20180222,1
1484,20180223,1
1488,20180226,1
1488,20180227,1
1488,20180228,1
1488,20180301,1
1488,20180302,1
1488,20180221,1
1488,20180222,1
1488,20180223,1
1490,20180227,1
1490,20180228,1
1490,20180301,1
1490,20180302,1
1490,20180303,1
1490,20180221,1
1490,20180222,1
1490,20180223,1
1490,20180224,1
1498,20180226,2
1498,20180227,2
1498,20180228,2
1498,20180301,2
1498,20180302,2
1494,20180303,1
1494,20180224,1
1494,20180226,2
1494,20180227,2
1494,20180228,2
1494,20180301,2
1494,20180302,2
1483,20180303,2
1483,20180224,2
1486,20180305,2
1486,20180306,2
1486,20180307,2
1486,20180308,2
1486,20180309,2
1486,20180312,2
1486,20180313,2
1486,20180314,2
1486,20180315,2
1486,20180316,2
1482,20180310,2
1500,20180303,1
1500,20180224,1
6531,20180226,2
6531,20180227,2
6531,20180228,2
6531,20180301,2
6531,20180302,2
6532,20180226,2
6532,20180227,2
6532,20180228,2
6532,20180301,2
6532,20180302,2
6537,20180226,1
6537,20180227,1
6537,20180228,1
6537,20180301,1
6537,20180302,1
6537,20180221,1
6537,20180222,1
6537,20180223,1
6535,20180305,2
6535,20180306,2
6535,20180307,2
6535,20180308,2
6535,20180309,2
6535,20180312,2
6535,20180313,2
6535,20180314,2
6535,20180315,2
6535,20180316,2
6536,20180226,1
6536,20180227,1
6536,20180228,1
6536,20180301,1
6536,20180302,1
6536,20180221,1
6536,20180222,1
6536,20180223,1
6544,20180226,2
6544,20180227,2
6544,20180228,2
6544,20180301,2
6544,20180302,2
6542,20180226,2
6542,20180227,2
6542,20180228,2
6542,20180301,2
6542,20180302,2
6547,20180305,2
6547,20180306,2
6547,20180307,2
6547,20180308,2
6547,20180309,2
6547,20180312,2
6547,20180313,2
6547,20180314,2
6547,20180315,2
6547,20180316,2
6548,20180226,1
6548,20180227,1
6548,20180228,1
6548,20180301,1
6548,20180302,1
6548,20180221,1
6548,20180222,1
6548,20180223,1
6549,20180226,1
6549,20180227,1
6549,20180228,1
6549,20180301,1
6549,20180302,1
6549,20180221,1
6549,20180222,1
6549,20180223,1
4047,20180316,1
4046,20180310,2
4040,20180304,2
4040,20180225,2
4039,20180310,1
4045,20180313,2
4045,20180314,2
4045,20180315,2
4045,20180316,2
4045,20180306,2
4045,20180307,2
4045,20180308,2
4045,20180309,2
4045,20180310,2
4044,20180312,2
4044,20180313,2
4044,20180314,2
4044,20180315,2
4044,20180305,2
4044,20180306,2
4044,20180307,2
4044,20180308,2
4044,20180309,2
4042,20180310,1
4042,20180311,2
4051,20180316,1
4050,20180317,1
4050,20180318,1
3905,20180317,1
3901,20180318,1
3897,20180311,1
3896,20180310,1
3902,20180310,1
4052,20180303,1
4052,20180224,1
4052,20180317,1
4052,20180304,2
4052,20180225,2
4074,20180316,1
4072,20180317,1
4072,20180318,1
4073,20180310,2
3899,20180302,1
3899,20180316,1
3898,20180223,1
3903,20180309,1
4075,20180303,1
4075,20180224,1
4075,20180317,1
4075,20180304,2
4075,20180225,2
4060,20180310,1
4059,20180304,2
4059,20180225,2
4057,20180305,2
4057,20180306,2
4057,20180307,2
4057,20180308,2
4057,20180309,2
4057,20180312,2
4057,20180313,2
4057,20180314,2
4057,20180315,2
4070,20180316,1
4063,20180310,1
4063,20180311,2
4062,20180311,2
4069,20180221,1
4069,20180222,1
4069,20180223,1
6375,20180226,1
6375,20180227,1
6375,20180228,1
6375,20180301,1
6375,20180302,1
6375,20180221,1
6375,20180222,1
6375,20180223,1
6375,20180303,2
6375,20180224,2
6379,20180228,2
6379,20180301,2
6379,20180302,2
6378,20180221,1
6378,20180222,1
6378,20180223,1
6377,20180228,2
6377,20180301,2
6377,20180302,2
6390,20180311,2
6384,20180226,1
6384,20180227,1
6384,20180228,1
6384,20180301,1
6384,20180302,1
6384,20180303,2
6386,20180226,1
6386,20180227,1
6386,20180228,1
6386,20180301,1
6386,20180302,1
6386,20180303,2
6355,20180305,1
6355,20180306,1
6355,20180307,1
6355,20180308,1
6355,20180309,1
6355,20180312,1
6355,20180313,1
6355,20180314,1
6355,20180315,1
6355,20180316,1
6355,20180311,2
6363,20180305,1
6363,20180306,1
6363,20180307,1
6363,20180308,1
6363,20180309,1
6363,20180312,1
6363,20180313,1
6363,20180314,1
6363,20180315,1
6363,20180316,1
6363,20180311,2
6362,20180221,1
6362,20180222,1
6362,20180223,1
6360,20180221,1
6360,20180222,1
6360,20180223,1
6364,20180221,1
6364,20180222,1
6364,20180223,1
6356,20180311,2
6354,20180303,2
6354,20180224,2
6369,20180226,1
6369,20180227,1
6369,20180228,1
6369,20180301,1
6369,20180302,1
6369,20180221,1
6369,20180222,1
6369,20180223,1
6369,20180303,2
6369,20180224,2
6366,20180305,1
6366,20180306,1
6366,20180307,1
6366,20180308,1
6366,20180309,1
6366,20180312,1
6366,20180313,1
6366,20180314,1
6366,20180315,1
6366,20180316,1
6366,20180310,2
6365,20180305,1
6365,20180306,1
6365,20180307,1
6365,20180308,1
6365,20180309,1
6365,20180312,1
6365,20180313,1
6365,20180314,1
6365,20180315,1
6365,20180316,1
6365,20180310,2
6365,20180311,2
6367,20180305,2
6367,20180306,2
6367,20180307,2
6367,20180308,2
6367,20180309,2
6367,20180312,2
6367,20180313,2
6367,20180314,2
6367,20180315,2
6367,20180316,2
6401,20180310,1
6401,20180317,1
6401,20180311,2
6402,20180310,1
6402,20180317,1
6402,20180311,2
5564,20180316,1
5555,20180317,1
5562,20180309,1
6396,20180311,2
5554,20180310,1
1328,20180302,1
6325,20180304,2
6325,20180225,2
6317,20180303,1
6317,20180224,1
6317,20180304,2
6317,20180225,2
6315,20180226,1
6315,20180227,1
6315,20180228,1
6315,20180301,1
6315,20180302,1
6315,20180221,1
6315,20180222,1
6315,20180223,1
6315,20180304,2
6315,20180225,2
6320,20180226,1
6320,20180227,1
6320,20180228,1
6320,20180301,1
6320,20180302,1
6320,20180303,2
6320,20180304,2
1325,20180223,1
6321,20180303,1
6321,20180224,1
6327,20180221,1
6327,20180222,1
6327,20180223,1
5565,20180318,1
6336,20180303,2
6336,20180224,2
6332,20180304,2
6332,20180225,2
6328,20180226,1
6328,20180227,1
6328,20180228,1
6328,20180301,1
6328,20180302,1
6328,20180304,2
6331,20180221,1
6331,20180222,1
6331,20180223,1
6330,20180303,1
6330,20180224,1
6330,20180226,2
6330,20180227,2
6330,20180228,2
6330,20180301,2
6330,20180302,2
6330,20180304,2
6330,20180225,2
6329,20180221,1
6329,20180222,1
6329,20180223,1
5559,20180311,1
6335,20180226,2
6335,20180227,2
6335,20180228,2
6335,20180301,2
6335,20180302,2
6335,20180303,2
6333,20180226,2
6333,20180227,2
6333,20180228,2
6333,20180301,2
6333,20180302,2
6333,20180304,2
6333,20180225,2
5558,20180226,1
6312,20180226,2
6312,20180227,2
6312,20180228,2
6312,20180301,2
6312,20180302,2
6309,20180226,2
6309,20180227,2
6309,20180228,2
6309,20180301,2
6309,20180302,2
6310,20180226,1
6310,20180227,1
6310,20180228,1
6310,20180301,1
6310,20180302,1
6310,20180221,1
6310,20180222,1
6310,20180223,1
6313,20180226,1
6313,20180227,1
6313,20180228,1
6313,20180301,1
6313,20180302,1
6313,20180221,1
6313,20180222,1
6313,20180223,1
6319,20180226,1
6319,20180227,1
6319,20180228,1
6319,20180301,1
6319,20180302,1
6319,20180221,1
6319,20180222,1
6319,20180223,1
6319,20180303,2
6319,20180304,2
6319,20180224,2
6319,20180225,2
6316,20180304,2
6316,20180225,2
6344,20180226,2
6344,20180227,2
6344,20180228,2
6344,20180301,2
6344,20180302,2
6353,20180305,1
6353,20180306,1
6353,20180307,1
6353,20180308,1
6353,20180309,1
6353,20180312,1
6353,20180313,1
6353,20180314,1
6353,20180315,1
6353,20180316,1
6353,20180310,2
6350,20180305,1
6350,20180306,1
6350,20180307,1
6350,20180308,1
6350,20180309,1
6350,20180312,1
6350,20180313,1
6350,20180314,1
6350,20180315,1
6350,20180316,1
6350,20180310,2
6352,20180305,1
6352,20180306,1
6352,20180307,1
6352,20180308,1
6352,20180309,1
6352,20180312,1
6352,20180313,1
6352,20180314,1
6352,20180315,1
6352,20180316,1
6352,20180310,2
6352,20180311,2
6351,20180305,1
6351,20180306,1
6351,20180307,1
6351,20180308,1
6351,20180309,1
6351,20180312,1
6351,20180313,1
6351,20180314,1
6351,20180315,1
6351,20180316,1
6351,20180310,2
6351,20180311,2
6348,20180305,1
6348,20180306,1
6348,20180307,1
6348,20180308,1
6348,20180309,1
6348,20180312,1
6348,20180313,1
6348,20180314,1
6348,20180315,1
6348,20180316,1
6348,20180311,2
6412,20180226,2
6412,20180227,2
6412,20180228,2
6412,20180301,2
6412,20180302,2
6409,20180226,1
6409,20180227,1
6409,20180228,1
6409,20180301,1
6409,20180302,1
6409,20180221,1
6409,20180222,1
6409,20180223,1
6503,20180311,2
6505,20180311,2
6517,20180310,1
6517,20180317,1
6517,20180311,2
6516,20180310,1
6516,20180317,1
6516,20180311,2
6490,20180226,1
6490,20180227,1
6490,20180228,1
6490,20180301,1
6490,20180302,1
6490,20180221,1
6490,20180222,1
6490,20180223,1
6490,20180303,2
6490,20180224,2
6488,20180310,1
6488,20180305,2
6488,20180306,2
6488,20180307,2
6488,20180308,2
6488,20180309,2
6485,20180226,1
6485,20180227,1
6485,20180228,1
6485,20180301,1
6485,20180302,1
6485,20180221,1
6485,20180222,1
6485,20180223,1
6485,20180303,2
6485,20180224,2
6486,20180221,1
6486,20180222,1
6486,20180223,1
6498,20180226,1
6498,20180227,1
6498,20180228,1
6498,20180301,1
6498,20180302,1
6498,20180303,2
6491,20180221,1
6491,20180222,1
6491,20180223,1
6524,20180317,1
6446,20180312,1
6448,20180311,2
6444,20180226,2
6444,20180227,2
6444,20180228,2
6444,20180301,2
6444,20180302,2
6449,20180305,1
6449,20180306,1
6449,20180307,1
6449,20180308,1
6449,20180309,1
6449,20180312,1
6449,20180313,1
6449,20180314,1
6449,20180315,1
6449,20180316,1
6449,20180311,2
6450,20180226,2
6450,20180227,2
6450,20180228,2
6450,20180301,2
6450,20180302,2
6423,20180303,1
6423,20180224,1
6423,20180304,2
6423,20180225,2
6422,20180303,1
6422,20180224,1
6422,20180226,2
6422,20180227,2
6422,20180228,2
6422,20180301,2
6422,20180302,2
6422,20180304,2
6422,20180225,2
6416,20180226,1
6416,20180227,1
6416,20180228,1
6416,20180301,1
6416,20180302,1
6416,20180221,1
6416,20180222,1
6416,20180223,1
6416,20180304,2
6416,20180225,2
6414,20180303,1
6414,20180224,1
6414,20180304,2
6414,20180225,2
6439,20180221,1
6439,20180222,1
6439,20180223,1
6425,20180221,1
6425,20180222,1
6425,20180223,1
6424,20180303,1
6424,20180224,1
6424,20180304,2
6424,20180225,2
6426,20180226,1
6426,20180227,1
6426,20180228,1
6426,20180301,1
6426,20180302,1
6426,20180221,1
6426,20180222,1
6426,20180223,1
6426,20180303,2
6426,20180304,2
6426,20180224,2
6426,20180225,2
6428,20180226,1
6428,20180227,1
6428,20180228,1
6428,20180301,1
6428,20180302,1
6428,20180221,1
6428,20180222,1
6428,20180223,1
6428,20180303,2
6428,20180224,2
6430,20180226,2
6430,20180227,2
6430,20180228,2
6430,20180301,2
6430,20180302,2
6430,20180303,2
6429,20180226,2
6429,20180227,2
6429,20180228,2
6429,20180301,2
6429,20180302,2
6429,20180303,2
6479,20180305,2
6479,20180306,2
6479,20180307,2
6479,20180308,2
6479,20180309,2
6479,20180312,2
6479,20180313,2
6479,20180314,2
6479,20180315,2
6479,20180316,2
6453,20180305,1
6453,20180306,1
6453,20180307,1
6453,20180308,1
6453,20180309,1
6453,20180312,1
6453,20180313,1
6453,20180314,1
6453,20180315,1
6453,20180316,1
6453,20180310,2
6466,20180305,1
6466,20180306,1
6466,20180307,1
6466,20180308,1
6466,20180309,1
6466,20180312,1
6466,20180313,1
6466,20180314,1
6466,20180315,1
6466,20180316,1
6466,20180310,2
6474,20180226,2
6474,20180227,2
6474,20180228,2
6474,20180301,2
6474,20180302,2
6471,20180305,1
6471,20180306,1
6471,20180307,1
6471,20180308,1
6471,20180309,1
6471,20180221,1
6471,20180222,1
6471,20180223,1
6471,20180312,1
6471,20180313,1
6471,20180314,1
6471,20180315,1
6471,20180316,1
6471,20180310,2
6460,20180310,2
6459,20180305,1
6459,20180306,1
6459,20180307,1
6459,20180308,1
6459,20180309,1
6459,20180312,1
6459,20180313,1
6459,20180314,1
6459,20180315,1
6459,20180316,1
6459,20180311,2
6470,20180305,1
6470,20180306,1
6470,20180307,1
6470,20180308,1
6470,20180309,1
6470,20180312,1
6470,20180313,1
6470,20180314,1
6470,20180315,1
6470,20180316,1
6470,20180311,2
6483,20180226,1
6483,20180227,1
6483,20180228,1
6483,20180301,1
6483,20180302,1
6483,20180221,1
6483,20180222,1
6483,20180223,1
6483,20180303,2
6483,20180224,2
6455,20180305,1
6455,20180306,1
6455,20180307,1
6455,20180308,1
6455,20180309,1
6455,20180312,1
6455,20180313,1
6455,20180314,1
6455,20180315,1
6455,20180316,1
6455,20180310,2
6458,20180311,2
6457,20180310,2
6454,20180305,1
6454,20180306,1
6454,20180307,1
6454,20180308,1
6454,20180309,1
6454,20180312,1
6454,20180313,1
6454,20180314,1
6454,20180315,1
6454,20180316,1
6454,20180311,2
6467,20180226,2
6467,20180227,2
6467,20180228,2
6467,20180301,2
6467,20180302,2
6473,20180305,1
6473,20180306,1
6473,20180307,1
6473,20180308,1
6473,20180309,1
6473,20180221,1
6473,20180222,1
6473,20180223,1
6473,20180312,1
6473,20180313,1
6473,20180314,1
6473,20180315,1
6473,20180316,1
6473,20180310,2
6473,20180311,2
6469,20180226,2
6469,20180227,2
6469,20180228,2
6469,20180301,2
6469,20180302,2
6461,20180305,1
6461,20180306,1
6461,20180307,1
6461,20180308,1
6461,20180309,1
6461,20180312,1
6461,20180313,1
6461,20180314,1
6461,20180315,1
6461,20180316,1
6461,20180310,2
6461,20180311,2
6463,20180226,2
6463,20180227,2
6463,20180228,2
6463,20180301,2
6463,20180302,2
6464,20180305,1
6464,20180306,1
6464,20180307,1
6464,20180308,1
6464,20180309,1
6464,20180312,1
6464,20180313,1
6464,20180314,1
6464,20180315,1
6464,20180316,1
6464,20180310,2
6465,20180310,2
6465,20180311,2
1327,20180303,1
3992,20180303,1
3993,20180303,2
3997,20180228,2
3997,20180301,2
3998,20180228,2
3998,20180301,2
4016,20180303,1
4011,20180302,2
3991,20180224,1
3991,20180225,1
4012,20180302,2
4012,20180303,2
4007,20180224,1
4005,20180302,1
4003,20180224,1
4003,20180225,1
4001,20180221,1
4001,20180222,1
4001,20180223,1
4001,20180225,1
4002,20180221,1
4002,20180222,1
4002,20180223,1
4002,20180224,1
4002,20180225,1
3999,20180221,1
3999,20180222,1
3999,20180223,1
1326,20180224,1
1324,20180225,1
4027,20180302,2
4028,20180302,2
5027,20180222,2
5027,20180223,2
5027,20180224,2
5028,20180222,2
5028,20180223,2
5028,20180224,2
5133,20180305,2
5133,20180306,2
5133,20180307,2
5133,20180308,2
5133,20180312,2
5133,20180313,2
5133,20180314,2
5133,20180315,2
5134,20180306,2
5134,20180307,2
5134,20180308,2
5134,20180309,2
5134,20180313,2
5134,20180314,2
5134,20180315,2
5134,20180316,2
5129,20180309,2
5142,20180305,2
5142,20180306,2
5142,20180307,2
5142,20180308,2
5142,20180312,2
5142,20180313,2
5142,20180314,2
5142,20180315,2
5139,20180309,2
959,20180226,2
959,20180227,2
959,20180228,2
959,20180301,2
958,20180226,2
958,20180227,2
958,20180228,2
958,20180301,2
958,20180302,2
960,20180226,2
960,20180227,2
960,20180228,2
960,20180301,2
961,20180226,1
961,20180227,1
961,20180228,1
961,20180301,1
961,20180221,1
961,20180222,1
977,20180305,1
977,20180306,1
977,20180307,1
977,20180308,1
977,20180312,1
977,20180313,1
977,20180314,1
977,20180315,1
977,20180309,2
975,20180309,2
965,20180305,2
965,20180306,2
965,20180307,2
965,20180308,2
965,20180309,2
965,20180312,2
965,20180313,2
965,20180314,2
965,20180315,2
965,20180316,2
967,20180309,2
967,20180316,2
985,20180226,1
985,20180227,1
985,20180228,1
985,20180301,1
985,20180221,1
985,20180222,1
985,20180302,2
985,20180223,2
957,20180226,1
957,20180227,1
957,20180228,1
957,20180301,1
957,20180302,1
957,20180221,1
957,20180222,1
957,20180223,1
984,20180305,2
984,20180306,2
984,20180307,2
984,20180308,2
984,20180312,2
984,20180313,2
984,20180314,2
984,20180315,2
1023,20180305,2
1023,20180306,2
1023,20180307,2
1023,20180308,2
1023,20180312,2
1023,20180313,2
1023,20180314,2
1023,20180315,2
1004,20180305,2
1004,20180306,2
1004,20180307,2
1004,20180308,2
1004,20180312,2
1004,20180313,2
1004,20180314,2
1004,20180315,2
1000,20180226,2
1000,20180227,2
1000,20180228,2
1000,20180301,2
1005,20180309,2
1005,20180316,2
998,20180226,1
998,20180227,1
998,20180228,1
998,20180301,1
998,20180221,1
998,20180222,1
995,20180226,1
995,20180227,1
995,20180228,1
995,20180301,1
995,20180302,1
995,20180221,1
995,20180222,1
995,20180223,1
997,20180226,2
997,20180227,2
997,20180228,2
997,20180301,2
1016,20180309,2
1013,20180309,2
1017,20180305,1
1017,20180306,1
1017,20180307,1
1017,20180308,1
1017,20180312,1
1017,20180313,1
1017,20180314,1
1017,20180315,1
1017,20180309,2
6202,20180305,2
6202,20180306,2
6202,20180307,2
6202,20180308,2
6202,20180309,2
6202,20180312,2
6202,20180313,2
6202,20180314,2
6202,20180315,2
6202,20180316,2
6204,20180305,2
6204,20180306,2
6204,20180307,2
6204,20180308,2
6204,20180309,2
6204,20180312,2
6204,20180313,2
6204,20180314,2
6204,20180315,2
6204,20180316,2
5632,20180226,1
5632,20180227,1
5632,20180228,1
5632,20180301,1
5632,20180302,1
5632,20180221,1
5632,20180222,1
5632,20180223,1
5632,20180304,2
5632,20180225,2
5634,20180306,2
5634,20180307,2
5634,20180308,2
5634,20180309,2
5634,20180310,2
5633,20180226,1
5633,20180227,1
5633,20180228,1
5633,20180301,1
5633,20180302,1
5633,20180221,1
5633,20180222,1
5633,20180223,1
5637,20180305,2
5637,20180306,2
5637,20180307,2
5637,20180308,2
5637,20180309,2
5637,20180312,2
5637,20180313,2
5637,20180314,2
5637,20180315,2
5637,20180316,2
4456,20180306,2
4456,20180307,2
4456,20180308,2
4456,20180309,2
6217,20180226,2
6217,20180227,2
6217,20180228,2
6217,20180301,2
6217,20180302,2
6221,20180226,1
6221,20180227,1
6221,20180228,1
6221,20180301,1
6221,20180302,1
6221,20180221,1
6221,20180222,1
6221,20180223,1
6222,20180305,2
6222,20180306,2
6222,20180307,2
6222,20180308,2
6222,20180309,2
6222,20180312,2
6222,20180313,2
6222,20180314,2
6222,20180315,2
6222,20180316,2
6224,20180226,2
6224,20180227,2
6224,20180228,2
6224,20180301,2
6224,20180302,2
6229,20180305,2
6229,20180306,2
6229,20180307,2
6229,20180308,2
6229,20180309,2
6229,20180312,2
6229,20180313,2
6229,20180314,2
6229,20180315,2
6229,20180316,2
6213,20180305,2
6213,20180306,2
6213,20180307,2
6213,20180308,2
6213,20180309,2
6213,20180312,2
6213,20180313,2
6213,20180314,2
6213,20180315,2
6213,20180316,2
6209,20180305,2
6209,20180306,2
6209,20180307,2
6209,20180308,2
6209,20180309,2
6209,20180312,2
6209,20180313,2
6209,20180314,2
6209,20180315,2
6209,20180316,2
4434,20180305,1
4434,20180312,1
4434,20180306,2
4434,20180307,2
4434,20180308,2
4434,20180309,2
4428,20180306,2
4428,20180307,2
4428,20180308,2
4428,20180309,2
4438,20180226,1
4438,20180227,2
4438,20180228,2
4438,20180301,2
4438,20180302,2
4437,20180226,1
4274,20180226,1
4277,20180227,1
4447,20180227,2
4447,20180228,2
4447,20180301,2
4447,20180302,2
4449,20180226,1
4450,20180226,1
4450,20180227,2
4450,20180228,2
4450,20180301,2
4450,20180302,2
4439,20180306,2
4439,20180307,2
4439,20180308,2
4439,20180309,2
4442,20180305,1
4442,20180312,1
4442,20180306,2
4442,20180307,2
4442,20180308,2
4442,20180309,2
4444,20180226,2
5447,20180312,1
5045,20180305,2
5045,20180306,2
5045,20180307,2
5045,20180308,2
5045,20180309,2
5045,20180312,2
5045,20180313,2
5045,20180314,2
5045,20180315,2
5045,20180316,2
5047,20180226,1
5047,20180227,1
5047,20180228,1
5047,20180301,1
5047,20180302,1
5047,20180221,1
5047,20180222,1
5047,20180223,1
5201,20180310,2
5199,20180303,2
5199,20180224,2
5200,20180305,1
5200,20180306,1
5200,20180307,1
5200,20180308,1
5200,20180309,1
5200,20180312,1
5200,20180313,1
5200,20180314,1
5200,20180315,1
5200,20180316,1
5200,20180310,2
5205,20180305,2
5205,20180306,2
5205,20180307,2
5205,20180308,2
5205,20180309,2
5205,20180312,2
5205,20180313,2
5205,20180314,2
5205,20180315,2
5205,20180316,2
5204,20180226,1
5204,20180227,1
5204,20180228,1
5204,20180301,1
5204,20180302,1
5204,20180221,1
5204,20180222,1
5204,20180223,1
5204,20180303,2
5204,20180224,2
5202,20180226,2
5202,20180227,2
5202,20180228,2
5202,20180301,2
5202,20180302,2
5210,20180305,1
5210,20180306,1
5210,20180307,1
5210,20180308,1
5210,20180309,1
5210,20180312,1
5210,20180313,1
5210,20180314,1
5210,20180315,1
5210,20180316,1
5210,20180310,2
5213,20180310,2
5216,20180305,2
5216,20180306,2
5216,20180307,2
5216,20180308,2
5216,20180309,2
5216,20180312,2
5216,20180313,2
5216,20180314,2
5216,20180315,2
5216,20180316,2
5214,20180226,1
5214,20180227,1
5214,20180228,1
5214,20180301,1
5214,20180302,1
5214,20180221,1
5214,20180222,1
5214,20180223,1
5214,20180303,2
5214,20180224,2
5212,20180303,2
5212,20180224,2
5183,20180226,1
5183,20180227,1
5183,20180228,1
5183,20180301,1
5183,20180302,1
5183,20180221,1
5183,20180222,1
5183,20180223,1
5184,20180226,1
5184,20180227,1
5184,20180228,1
5184,20180301,1
5184,20180302,1
5184,20180221,1
5184,20180222,1
5184,20180223,1
5186,20180227,1
5186,20180228,1
5186,20180301,1
5186,20180302,1
5186,20180303,1
5186,20180221,1
5186,20180222,1
5186,20180223,1
5186,20180224,1
5185,20180305,2
5185,20180306,2
5185,20180307,2
5185,20180308,2
5185,20180309,2
5185,20180312,2
5185,20180313,2
5185,20180314,2
5185,20180315,2
5185,20180316,2
5188,20180226,2
5188,20180227,2
5188,20180228,2
5188,20180301,2
5188,20180302,2
5192,20180226,1
5192,20180227,1
5192,20180228,1
5192,20180301,1
5192,20180302,1
5192,20180221,1
5192,20180222,1
5192,20180223,1
5193,20180226,1
5193,20180227,1
5193,20180228,1
5193,20180301,1
5193,20180302,1
5193,20180221,1
5193,20180222,1
5193,20180223,1
5194,20180305,2
5194,20180306,2
5194,20180307,2
5194,20180308,2
5194,20180309,2
5194,20180312,2
5194,20180313,2
5194,20180314,2
5194,20180315,2
5194,20180316,2
1998,20180226,2
1998,20180227,2
1998,20180228,2
1998,20180301,2
1998,20180302,2
1996,20180303,2
1995,20180226,2
1995,20180227,2
1995,20180228,2
1995,20180301,2
1995,20180302,2
950,20180305,2
950,20180306,2
950,20180308,2
950,20180309,2
950,20180312,2
950,20180313,2
950,20180315,2
950,20180316,2
952,20180305,2
952,20180306,2
952,20180307,2
952,20180308,2
952,20180309,2
952,20180312,2
952,20180313,2
952,20180314,2
952,20180315,2
952,20180316,2
639,20180227,2
639,20180228,2
639,20180301,2
639,20180302,2
639,20180303,2
651,20180227,2
651,20180228,2
651,20180301,2
651,20180302,2
651,20180303,2
702,20180226,1
702,20180227,1
702,20180228,1
702,20180301,1
702,20180302,1
702,20180221,1
702,20180222,1
702,20180223,1
4417,20180307,1
4417,20180308,1
4417,20180309,1
4417,20180310,1
4417,20180314,1
4417,20180315,1
4417,20180316,1
4417,20180317,1
4417,20180311,2
4416,20180306,1
4416,20180307,1
4416,20180308,1
4416,20180309,1
4416,20180313,1
4416,20180314,1
4416,20180315,1
4416,20180316,1
4416,20180310,2
4394,20180306,1
4394,20180307,1
4394,20180308,1
4394,20180309,1
4394,20180313,1
4394,20180314,1
4394,20180315,1
4394,20180316,1
4394,20180310,2
4395,20180306,1
4395,20180307,1
4395,20180308,1
4395,20180309,1
4395,20180313,1
4395,20180314,1
4395,20180315,1
4395,20180316,1
4395,20180310,2
4406,20180305,2
4406,20180312,2
4404,20180307,2
4404,20180308,2
4404,20180309,2
4404,20180310,2
6190,20180226,2
6190,20180227,2
6190,20180228,2
6190,20180301,2
6190,20180302,2
6191,20180227,2
6191,20180228,2
6191,20180301,2
6191,20180302,2
6191,20180303,2
6195,20180226,2
6195,20180227,2
6195,20180228,2
6195,20180301,2
6195,20180302,2
2677,20180312,1
2678,20180227,2
2678,20180228,2
2678,20180301,2
2678,20180302,2
2678,20180303,2
2678,20180304,2
2703,20180312,1
2700,20180304,2
2700,20180225,2
2691,20180305,2
2691,20180226,2
2691,20180227,2
2691,20180228,2
2691,20180301,2
2691,20180302,2
2691,20180303,2
1705,20180226,2
1705,20180227,2
1705,20180228,2
1705,20180301,2
1705,20180302,2
1707,20180305,2
1707,20180306,2
1707,20180307,2
1707,20180308,2
1707,20180309,2
1707,20180312,2
1707,20180313,2
1707,20180314,2
1707,20180315,2
1707,20180316,2
1697,20180306,2
1697,20180307,2
1697,20180308,2
1697,20180309,2
1698,20180226,1
1698,20180227,1
1698,20180228,1
1698,20180301,1
1698,20180302,1
1698,20180221,1
1698,20180222,1
1698,20180223,1
1715,20180305,2
1715,20180306,2
1715,20180307,2
1715,20180308,2
1715,20180309,2
1715,20180312,2
1715,20180313,2
1715,20180314,2
1715,20180315,2
1715,20180316,2
1747,20180227,2
1725,20180226,1
1750,20180305,1
1750,20180312,1
1750,20180306,2
1750,20180307,2
1750,20180308,2
1750,20180309,2
1748,20180226,2
1723,20180227,1
1770,20180305,1
1770,20180312,1
1770,20180306,2
1770,20180307,2
1770,20180308,2
1770,20180309,2
1767,20180227,2
1762,20180226,2
1769,20180306,2
1769,20180307,2
1769,20180308,2
1769,20180309,2
1769,20180313,2
1769,20180314,2
1769,20180315,2
1769,20180316,2
1766,20180226,2
2138,20180305,2
2138,20180312,2
4560,20180305,2
4560,20180306,2
4560,20180307,2
4560,20180308,2
4560,20180309,2
4560,20180312,2
4560,20180313,2
4560,20180314,2
4560,20180315,2
4560,20180316,2
2287,20180305,1
2287,20180312,1
2287,20180306,2
2287,20180307,2
2287,20180308,2
2287,20180309,2
2289,20180305,2
2289,20180312,2
2293,20180306,2
2293,20180307,2
2293,20180308,2
2293,20180309,2
2299,20180226,1
2299,20180227,2
2299,20180228,2
2299,20180301,2
2299,20180302,2
4536,20180306,2
4536,20180307,2
4536,20180308,2
4536,20180309,2
4537,20180306,2
4537,20180307,2
4537,20180308,2
4537,20180309,2
4538,20180307,2
4538,20180308,2
4538,20180309,2
4538,20180310,2
4544,20180306,2
4544,20180307,2
4544,20180308,2
4544,20180309,2
4545,20180307,2
4545,20180308,2
4545,20180309,2
4545,20180310,2
4549,20180306,1
4549,20180307,1
4549,20180308,1
4549,20180309,1
4549,20180313,1
4549,20180314,1
4549,20180315,1
4549,20180316,1
4549,20180310,2
2171,20180303,2
2173,20180303,1
2173,20180224,1
2178,20180303,2
2181,20180303,1
2181,20180224,1
5725,20180307,2
5725,20180308,2
5725,20180309,2
5725,20180310,2
5732,20180306,2
5732,20180313,2
5731,20180305,2
5731,20180312,2
5455,20180312,1
2754,20180226,1
2754,20180227,1
2754,20180228,1
2754,20180301,1
2754,20180302,1
2754,20180303,1
2754,20180221,1
2754,20180222,1
2754,20180223,1
2754,20180224,1
2753,20180226,1
2753,20180227,1
2753,20180228,1
2753,20180301,1
2753,20180302,1
2753,20180221,1
2753,20180222,1
2753,20180223,1
2755,20180306,2
2755,20180307,2
2755,20180308,2
2755,20180309,2
2755,20180310,2
2755,20180311,2
2761,20180226,1
2761,20180303,1
2761,20180224,1
2760,20180226,1
2762,20180227,1
2762,20180228,1
2762,20180301,1
2762,20180302,1
2762,20180303,1
2762,20180221,1
2762,20180222,1
2762,20180223,1
2762,20180224,1
2763,20180227,1
2763,20180228,1
2763,20180301,1
2763,20180302,1
2763,20180221,1
2763,20180222,1
2763,20180223,1
2759,20180226,1
2759,20180304,2
1732,20180227,1
1734,20180224,1
1733,20180303,1
1779,20180303,1
1800,20180227,1
1799,20180226,1
1799,20180227,1
1792,20180305,1
1792,20180312,1
1792,20180306,2
1792,20180307,2
1792,20180308,2
1792,20180309,2
1791,20180301,1
1791,20180302,1
1801,20180224,1
1802,20180225,1
1805,20180303,1
1812,20180224,1
1814,20180226,1
1814,20180227,1
1810,20180224,1
1826,20180227,1
1825,20180226,1
1825,20180227,1
1824,20180227,1
1827,20180224,1
2776,20180227,2
2776,20180228,2
2776,20180301,2
2776,20180302,2
2778,20180226,2
2778,20180227,2
2778,20180228,2
2778,20180301,2
2778,20180302,2
2777,20180226,2
2775,20180226,1
2775,20180227,1
2775,20180228,1
2775,20180301,1
2775,20180302,1
2775,20180221,1
2775,20180222,1
2775,20180223,1
2774,20180226,2
2782,20180226,2
2780,20180227,2
2779,20180227,2
2779,20180228,2
2779,20180301,2
2779,20180302,2
2779,20180303,2
2783,20180306,2
2783,20180313,2
2784,20180226,1
2784,20180227,1
2784,20180228,1
2784,20180301,1
2784,20180302,1
2784,20180221,1
2784,20180222,1
2784,20180223,1
2785,20180306,2
2785,20180313,2
2786,20180227,2
2787,20180226,2
5067,20180312,1
2704,20180303,1
2704,20180224,1
5694,20180303,2
2599,20180225,1
2597,20180224,1
2593,20180226,1
2598,20180225,1
2738,20180305,2
2738,20180306,2
2738,20180307,2
2738,20180308,2
2738,20180309,2
2738,20180312,2
2738,20180313,2
2738,20180314,2
2738,20180315,2
2738,20180316,2
2745,20180306,2
2745,20180307,2
2745,20180308,2
2745,20180309,2
5717,20180227,2
5714,20180305,2
5714,20180306,2
5714,20180307,2
5714,20180308,2
5714,20180309,2
5714,20180312,2
5714,20180313,2
5714,20180314,2
5714,20180315,2
5714,20180316,2
5713,20180228,1
5713,20180301,1
5713,20180302,1
5713,20180303,1
5713,20180221,1
5713,20180222,1
5713,20180223,1
5713,20180224,1
5715,20180307,2
5715,20180308,2
5715,20180309,2
5715,20180310,2
5716,20180226,2
2277,20180306,2
2277,20180307,2
2277,20180308,2
2277,20180309,2
2278,20180305,2
2278,20180312,2
4520,20180306,2
4520,20180307,2
4520,20180308,2
4520,20180309,2
4520,20180313,2
4520,20180314,2
4520,20180315,2
4520,20180316,2
4521,20180228,1
4521,20180301,1
4521,20180302,1
4521,20180303,1
4521,20180221,1
4521,20180222,1
4521,20180223,1
4521,20180224,1
4519,20180226,2
4518,20180305,2
4518,20180306,2
4518,20180307,2
4518,20180308,2
4518,20180309,2
4518,20180312,2
4518,20180313,2
4518,20180314,2
4518,20180315,2
4518,20180316,2
4480,20180306,2
4480,20180307,2
4480,20180308,2
4480,20180309,2
4484,20180306,2
4484,20180307,2
4484,20180308,2
4484,20180309,2
4485,20180306,2
4485,20180307,2
4485,20180308,2
4485,20180309,2
4528,20180226,2
4528,20180227,2
4528,20180228,2
4528,20180301,2
4528,20180302,2
4500,20180226,2
4500,20180227,2
4500,20180228,2
4500,20180301,2
4500,20180302,2
4502,20180306,2
4502,20180307,2
4502,20180308,2
4502,20180309,2
4505,20180305,2
4505,20180312,2
2729,20180226,2
2729,20180227,2
2729,20180228,2
2729,20180301,2
2729,20180302,2
4133,20180227,1
1252,20180226,1
1253,20180227,1
6643,20180305,2
6643,20180307,2
6643,20180308,2
6643,20180311,2
6643,20180312,2
6648,20180305,2
6648,20180306,2
6648,20180307,2
6648,20180308,2
6648,20180311,2
6648,20180312,2
6648,20180313,2
6648,20180314,2
6648,20180315,2
6672,20180307,1
6680,20180314,1
6684,20180317,1
6671,20180310,1
6721,20180303,1
6718,20180224,1
6729,20180311,1
6706,20180318,1
6667,20180304,1
6728,20180225,1
6663,20180221,1
6686,20180309,1
6679,20180223,1
6662,20180302,1
6661,20180316,1
6694,20180225,1
6713,20180305,1
6723,20180312,1
6659,20180226,1
6727,20180306,1
6710,20180224,1
6714,20180227,1
6687,20180313,1
2501,20180226,1
1196,20180226,1
7424,20180305,1
7422,20180304,1
7426,20180312,1
7425,20180225,1
7097,20180223,1
7097,20180305,2
7097,20180306,2
7097,20180307,2
7097,20180308,2
7095,20180223,1
7098,20180227,1
7096,20180227,1
7074,20180225,1
7093,20180305,2
7093,20180306,2
7093,20180307,2
7093,20180308,2
7100,20180223,1
7100,20180305,2
7100,20180306,2
7100,20180307,2
7100,20180308,2
7438,20180221,1
7438,20180222,1
7438,20180311,2
7439,20180311,2
6950,20180225,1
7060,20180224,1
6777,20180224,1
7395,20180223,1
7182,20180302,1
7428,20180303,1
7090,20180306,2
7090,20180307,2
7090,20180308,2
7090,20180309,2
7088,20180306,2
7088,20180307,2
7088,20180308,2
7088,20180309,2
7088,20180310,2
7455,20180227,2
7455,20180228,2
7455,20180301,2
7455,20180302,2
7448,20180227,2
7448,20180228,2
7448,20180301,2
7448,20180302,2
7449,20180318,1
7378,20180223,1
7397,20180311,2
7397,20180304,2
7399,20180311,2
7399,20180304,2
7099,20180221,1
7099,20180222,1
7099,20180223,1
7099,20180313,1
7099,20180314,1
7099,20180315,1
7099,20180316,1
7452,20180312,2
7452,20180313,2
7452,20180314,2
7452,20180315,2
7094,20180221,1
7094,20180222,1
7094,20180312,1
7094,20180313,1
7094,20180314,1
7094,20180315,1
7418,20180226,2
7418,20180227,2
7418,20180228,2
7418,20180301,2
7084,20180303,1
7412,20180304,1
7410,20180303,2
7410,20180304,2
7465,20180226,1
7465,20180227,1
7465,20180228,1
7465,20180301,1
7465,20180221,1
7465,20180222,1
7465,20180304,2
7470,20180302,1
7470,20180303,2
7460,20180303,2
7460,20180304,2
7469,20180302,1
7469,20180303,2
7092,20180305,2
7092,20180306,2
7092,20180307,2
7092,20180308,2
7429,20180302,1
7435,20180303,2
7435,20180304,2
7432,20180303,2
7091,20180223,1
7091,20180305,2
7091,20180306,2
7091,20180307,2
7091,20180308,2
7403,20180311,2
7451,20180312,2
7451,20180313,2
7451,20180314,2
7451,20180315,2
7649,20180221,1
7649,20180222,1
7649,20180307,1
7649,20180308,1
7648,20180307,2
7648,20180308,2
7261,20180226,2
7261,20180227,2
7261,20180228,2
7261,20180301,2
7261,20180302,2
7643,20180227,2
7643,20180228,2
7643,20180301,2
7643,20180302,2
7643,20180303,2
7642,20180303,2
7368,20180227,2
7368,20180228,2
7368,20180301,2
7368,20180302,2
7367,20180303,2
6772,20180221,1
6772,20180222,1
6772,20180307,1
6772,20180308,1
7369,20180307,2
7369,20180308,2
7646,20180307,2
7646,20180308,2
7645,20180227,2
7645,20180228,2
7645,20180301,2
7645,20180302,2
7644,20180224,1
7254,20180306,1
7262,20180303,2
7263,20180226,2
7263,20180227,2
7263,20180228,2
7263,20180301,2
7263,20180302,2
7264,20180226,2
7264,20180227,2
7264,20180228,2
7264,20180301,2
7264,20180302,2
7264,20180303,2
7265,20180306,2
7267,20180306,2
7280,20180304,2
7083,20180304,1
7271,20180221,1
7278,20180303,2
7304,20180225,2
7303,20180225,2
7302,20180226,2
7302,20180304,2
7073,20180226,1
7292,20180221,1
7291,20180306,1
7296,20180306,2
7728,20180223,2
7729,20180224,2
7655,20180312,2
7655,20180313,2
7655,20180314,2
7655,20180315,2
7655,20180316,2
7656,20180312,2
7656,20180313,2
7656,20180314,2
7656,20180315,2
7656,20180316,2
7373,20180226,2
7371,20180225,2
7651,20180307,2
7651,20180308,2
7653,20180226,2
7068,20180224,2
7268,20180224,2
7286,20180226,2
7286,20180227,2
7286,20180228,2
7286,20180301,2
7286,20180302,2
7288,20180312,2
7288,20180313,2
7288,20180314,2
7288,20180315,2
7288,20180316,2
7257,20180306,2
7287,20180312,2
7287,20180313,2
7287,20180314,2
7287,20180315,2
7287,20180316,2
7142,20180221,1
7142,20180222,1
7142,20180223,1
7142,20180305,1
7142,20180306,1
7142,20180307,1
7142,20180308,1
7142,20180309,1
7045,20180312,1
7045,20180313,1
7045,20180314,1
7045,20180315,1
7045,20180316,1
7044,20180227,1
7044,20180228,1
7044,20180301,1
7044,20180302,1
7044,20180303,1
7044,20180313,1
7044,20180314,1
7044,20180315,1
7044,20180316,1
7044,20180317,1
7172,20180221,1
7172,20180222,1
7172,20180223,1
7172,20180224,1
7172,20180306,1
7172,20180307,1
7172,20180308,1
7172,20180309,1
7172,20180310,1
7162,20180221,1
7162,20180222,1
7162,20180223,1
7162,20180224,1
7162,20180306,1
7162,20180307,1
7162,20180308,1
7162,20180309,1
7162,20180310,1
7046,20180312,1
7046,20180313,1
7046,20180314,1
7046,20180315,1
7046,20180316,1
7039,20180221,1
7039,20180222,1
7039,20180223,1
7042,20180221,1
7042,20180222,1
7042,20180223,1
7042,20180224,1
7148,20180224,2
7148,20180225,2
7152,20180224,2
7152,20180225,2
7167,20180305,2
7136,20180224,2
7136,20180225,2
7133,20180221,1
7133,20180222,1
7133,20180223,1
7133,20180312,1
7133,20180313,1
7133,20180314,1
7133,20180315,1
7133,20180316,1
7166,20180303,1
7166,20180313,1
7166,20180314,1
7166,20180315,1
7166,20180316,1
7166,20180317,1
7139,20180224,2
7139,20180225,2
6928,20180224,2
6928,20180225,2
7137,20180226,2
7137,20180227,2
7137,20180228,2
7137,20180301,2
7137,20180302,2
7137,20180224,2
7137,20180225,2
7169,20180221,1
7169,20180222,1
7169,20180223,1
7157,20180224,2
7178,20180226,1
7178,20180225,1
7848,20180314,2
7827,20180314,2
7842,20180314,2
7828,20180314,2
7843,20180314,2
7841,20180314,2
7844,20180314,2
7865,20180221,1
7865,20180222,1
7865,20180223,1
7867,20180221,1
7867,20180222,1
7867,20180223,1
7867,20180224,1
7866,20180221,1
7866,20180222,1
7866,20180223,1
7866,20180224,1
7809,20180312,2
7809,20180313,2
7809,20180314,2
7809,20180315,2
7809,20180316,2
7810,20180312,2
7810,20180313,2
7810,20180314,2
7810,20180315,2
7810,20180316,2
7812,20180312,2
7812,20180313,2
7812,20180314,2
7812,20180315,2
7812,20180316,2
7811,20180313,2
7811,20180314,2
7811,20180315,2
7811,20180316,2
7811,20180317,2
7122,20180309,1
7804,20180228,2
7804,20180301,2
7804,20180302,2
7804,20180313,2
7804,20180314,2
7804,20180315,2
7804,20180316,2
7804,20180317,2
7805,20180227,2
7805,20180228,2
7805,20180301,2
7805,20180312,2
7805,20180313,2
7805,20180314,2
7805,20180315,2
7805,20180316,2
7758,20180227,1
7758,20180228,1
7758,20180301,1
7758,20180302,1
7758,20180303,1
6817,20180305,1
7786,20180312,1
7786,20180313,1
7786,20180314,1
7786,20180315,1
7786,20180316,1
7785,20180305,2
7782,20180309,2
7770,20180305,2
7770,20180306,2
7770,20180307,2
7770,20180308,2
7770,20180309,2
7771,20180221,1
7772,20180313,2
7772,20180317,2
7772,20180305,2
7772,20180306,2
7772,20180310,2
7774,20180226,1
7774,20180302,1
7773,20180221,1
7773,20180313,2
7773,20180317,2
7773,20180305,2
7773,20180306,2
7773,20180310,2
7773,20180224,2
7783,20180309,2
7783,20180312,2
7783,20180313,2
7783,20180314,2
7783,20180315,2
7783,20180316,2
7780,20180304,2
7775,20180312,2
7775,20180313,2
7775,20180314,2
7775,20180315,2
7775,20180316,2
7777,20180227,1
7777,20180228,1
7777,20180301,1
7777,20180302,1
7777,20180303,1
7777,20180221,1
7777,20180222,1
7777,20180223,1
7777,20180224,1
7776,20180226,1
7776,20180227,1
7776,20180228,1
7776,20180301,1
7776,20180302,1
7776,20180221,1
7776,20180222,1
7776,20180223,1
7875,20180221,1
7875,20180222,1
7875,20180223,1
7878,20180224,1
7887,20180223,1
7887,20180316,1
7880,20180224,1
7879,20180221,1
7879,20180222,1
7879,20180223,1
7871,20180221,1
7871,20180222,1
7871,20180223,1
7871,20180312,1
7871,20180313,1
7871,20180314,1
7871,20180315,1
7871,20180316,1
7873,20180221,1
7873,20180222,1
7873,20180223,1
7873,20180312,1
7873,20180313,1
7873,20180314,1
7873,20180315,1
7873,20180316,1
7947,20180221,1
7947,20180222,1
7947,20180223,1
7947,20180312,1
7947,20180313,1
7947,20180314,1
7947,20180315,1
7947,20180316,1
7885,20180221,1
7885,20180224,1
7885,20180314,1
7885,20180317,1
8128,20180317,1
8130,20180318,1
6953,20180311,2
6958,20180310,2
6956,20180317,1
6959,20180310,2
6959,20180311,2
6957,20180317,1
6957,20180318,1
6955,20180318,1
6954,20180310,1
8017,20180310,2
8017,20180311,2
6927,20180224,2
7884,20180221,1
7884,20180222,1
7884,20180223,1
7884,20180224,1
7884,20180312,1
7884,20180313,1
7884,20180314,1
7884,20180315,1
7884,20180316,1
7884,20180317,1
7883,20180312,1
6789,20180224,1
8074,20180318,1
6903,20180223,1
8091,20180312,2
8091,20180313,2
8091,20180314,2
8091,20180315,2
6919,20180317,1
8107,20180224,1
8108,20180224,1
8109,20180224,1
8109,20180225,1
8098,20180318,1
8098,20180224,1
8098,20180225,1
8092,20180224,1
6836,20180318,1
8114,20180224,1
6909,20180223,1
6778,20180224,2
6771,20180307,2
6771,20180308,2
6765,20180318,1
6760,20180317,1
6805,20180317,1
6794,20180317,1
7915,20180224,1
8050,20180223,1
8045,20180223,1
7939,20180225,1
8063,20180224,1
8056,20180223,1
6996,20180310,2
6998,20180310,2
6998,20180311,2
6999,20180310,2
6992,20180311,2
6755,20180225,1
6961,20180318,1
6962,20180317,1
8129,20180318,1
8016,20180221,1
8016,20180222,1
8016,20180223,1
8016,20180317,1
8016,20180318,1
6932,20180225,2
6855,20180312,2
6855,20180313,2
6855,20180314,2
6855,20180315,2
7949,20180224,1
7950,20180224,2
7950,20180225,2
7948,20180224,2
7945,20180221,1
7945,20180222,1
7945,20180223,1
7945,20180312,1
7945,20180313,1
7945,20180314,1
7945,20180315,1
7945,20180316,1
8097,20180224,1
8101,20180224,1
8099,20180224,1
8100,20180224,1
8116,20180223,1
7979,20180225,1
8000,20180224,1
8121,20180225,1
8120,20180311,2
8120,20180304,2
8122,20180223,1
7978,20180318,1
7993,20180225,1
7992,20180318,1
8115,20180318,1
7983,20180223,1
7910,20180317,1
7930,20180317,1
7903,20180317,2
7900,20180317,2
6784,20180225,1
6799,20180317,1
6812,20180228,1
6812,20180314,1
6818,20180305,2
6818,20180308,2
6816,20180223,1
6833,20180318,1
6915,20180224,1
7739,20180224,2
7739,20180225,2
7738,20180224,2
7741,20180224,2
7742,20180224,2
7742,20180225,2
7733,20180224,1
7733,20180317,1
7734,20180317,1
7734,20180318,1
7734,20180224,1
7734,20180225,1
7743,20180225,2
7732,20180318,1
7736,20180317,1
7736,20180318,1
7736,20180225,1
7735,20180318,1
7735,20180225,1
7530,20180226,2
7530,20180227,2
7530,20180228,2
7530,20180301,2
7532,20180221,1
7532,20180222,1
7532,20180223,1
7537,20180221,1
7537,20180222,1
7537,20180223,1
7537,20180224,1
7556,20180317,1
7557,20180317,1
7554,20180317,2
7571,20180317,2
7570,20180317,2
7558,20180317,1
7568,20180317,2
7578,20180224,2
7579,20180317,1
7585,20180317,2
7584,20180317,2
7581,20180317,2
7587,20180317,2
7588,20180317,2
7589,20180317,1
7573,20180317,2
7555,20180317,2
7575,20180317,2
7572,20180317,2
7591,20180317,2
7590,20180317,2
7754,20180221,1
7754,20180222,1
7754,20180223,1
7754,20180224,1
7754,20180305,1
7754,20180225,2
7691,20180221,1
7691,20180222,1
7691,20180223,1
7691,20180224,1
7711,20180221,1
7711,20180222,1
7711,20180223,1
7711,20180224,2
7711,20180225,2
7713,20180226,1
7713,20180225,1
7712,20180305,1
7712,20180304,1
7676,20180310,2
7676,20180311,2
7680,20180310,2
7680,20180311,2
7677,20180310,2
7677,20180311,2
7678,20180309,2
7678,20180310,2
7678,20180311,2
7707,20180303,2
7707,20180304,2
7707,20180224,2
7707,20180225,2
7663,20180310,2
7663,20180311,2
7669,20180310,2
7669,20180311,2
7668,20180310,2
7668,20180311,2
7695,20180221,1
7695,20180222,1
7695,20180223,1
7722,20180303,2
7722,20180304,2
7722,20180224,2
7722,20180225,2
7685,20180310,2
7685,20180311,2
7681,20180310,2
7681,20180311,2
7671,20180308,1
7726,20180303,2
7726,20180304,2
7726,20180224,2
7726,20180225,2
7727,20180303,2
7727,20180304,2
7727,20180224,2
7727,20180225,2
7703,20180227,2
7703,20180228,2
7703,20180301,2
7703,20180302,2
7474,20180303,2
7474,20180304,2
7474,20180224,2
7474,20180225,2
7483,20180221,1
7483,20180222,1
7483,20180223,1
7483,20180312,1
7483,20180313,1
7483,20180314,1
7483,20180315,1
7483,20180316,1
7491,20180224,1
7491,20180310,2
7493,20180317,1
7596,20180221,1
7596,20180222,1
7596,20180223,1
7596,20180312,1
7596,20180313,1
7596,20180314,1
7596,20180315,1
7596,20180316,1
7513,20180311,1
7480,20180303,2
7480,20180304,2
7473,20180303,2
7473,20180304,2
7475,20180305,2
7475,20180304,2
7517,20180305,2
7517,20180304,2
7606,20180221,1
7606,20180222,1
7606,20180223,1
7606,20180224,1
7606,20180312,1
7606,20180313,1
7606,20180314,1
7606,20180315,1
7606,20180316,1
7606,20180317,1
7607,20180221,1
7607,20180222,1
7607,20180223,1
7607,20180305,2
7607,20180306,2
7607,20180307,2
7607,20180308,2
7607,20180309,2
7607,20180310,2
7608,20180221,1
7608,20180222,1
7608,20180223,1
7608,20180305,2
7608,20180306,2
7608,20180307,2
7608,20180308,2
7608,20180309,2
7608,20180310,2
7603,20180221,1
7603,20180222,1
7603,20180223,1
7603,20180305,2
7603,20180306,2
7603,20180307,2
7603,20180308,2
7603,20180309,2
7603,20180310,2
7604,20180221,1
7604,20180222,1
7604,20180223,1
7604,20180305,2
7604,20180306,2
7604,20180307,2
7604,20180308,2
7604,20180309,2
7604,20180310,2
7605,20180221,1
7605,20180222,1
7605,20180223,1
7605,20180305,2
7605,20180306,2
7605,20180307,2
7605,20180308,2
7605,20180309,2
7605,20180310,2
7519,20180224,1
7478,20180221,1
7478,20180222,1
7478,20180223,1
7478,20180305,2
7478,20180306,2
7478,20180307,2
7478,20180308,2
7478,20180309,2
7472,20180223,2
7489,20180317,1
7484,20180221,1
7484,20180222,1
7484,20180223,1
7484,20180312,1
7484,20180313,1
7484,20180314,1
7484,20180315,1
7484,20180316,1
7487,20180317,1
7485,20180224,1
7485,20180317,1
7622,20180224,1
7616,20180224,1
7623,20180224,1
7623,20180225,1
7618,20180226,1
7618,20180227,1
7618,20180228,1
7618,20180301,1
7618,20180302,1
7618,20180221,1
7618,20180222,1
7618,20180223,1
7618,20180224,1
7619,20180221,1
7619,20180222,1
7619,20180223,1
7621,20180224,1
7620,20180221,1
7620,20180222,1
7620,20180223,1
7620,20180224,1
7506,20180303,2
7506,20180224,2
7630,20180224,1
7628,20180224,1
7628,20180225,1
7634,20180318,1
7634,20180224,1
7634,20180225,1
7635,20180224,1
7635,20180225,1
7633,20180225,2
7523,20180317,1
7109,20180226,1
7109,20180303,2
8013,20180224,1
8014,20180317,1
8001,20180317,1
8125,20180318,1
6825,20180225,1
7354,20180304,2
7353,20180224,1
7353,20180225,1
7328,20180221,1
7328,20180222,1
7328,20180223,1
7361,20180221,1
7361,20180222,1
7361,20180223,1
7361,20180224,1
7361,20180225,1
7327,20180221,1
7327,20180222,1
7327,20180223,1
7327,20180224,1
7327,20180225,1
7326,20180226,2
7326,20180227,2
7326,20180228,2
7326,20180301,2
7326,20180302,2
7321,20180227,2
7321,20180228,2
7321,20180301,2
7321,20180302,2
7321,20180303,2
7321,20180304,2
7325,20180304,2
7362,20180312,2
7362,20180313,2
7362,20180314,2
7362,20180315,2
7362,20180316,2
7335,20180224,1
7335,20180225,1
7334,20180221,1
7334,20180222,1
7334,20180223,1
7342,20180307,2
7342,20180308,2
7345,20180225,1
7346,20180224,1
7320,20180306,2
7318,20180306,1
7317,20180224,1
7364,20180312,2
7364,20180313,2
7364,20180314,2
7364,20180315,2
7364,20180316,2
7364,20180226,2
7364,20180227,2
7364,20180228,2
7364,20180301,2
7364,20180302,2
7364,20180303,2
7190,20180304,2
7195,20180304,2
7220,20180226,1
7220,20180227,1
7220,20180228,1
7220,20180301,1
7220,20180302,1
7220,20180221,1
7220,20180222,1
7220,20180223,1
7221,20180227,1
7221,20180228,1
7221,20180301,1
7221,20180302,1
7221,20180303,1
7221,20180221,1
7221,20180222,1
7221,20180223,1
7221,20180224,1
7187,20180226,1
7187,20180227,1
7187,20180228,1
7187,20180301,1
7187,20180302,1
7187,20180221,1
7187,20180222,1
7187,20180223,1
6850,20180312,1
6850,20180313,1
6850,20180314,1
6850,20180315,1
7225,20180301,2
7201,20180303,2
7216,20180227,1
7216,20180228,1
7216,20180301,1
7216,20180302,1
7216,20180303,1
7216,20180221,1
7216,20180222,1
7216,20180223,1
7216,20180224,1
7799,20180312,1
7799,20180313,1
7799,20180314,1
7799,20180315,1
7799,20180316,1
7798,20180312,1
7798,20180313,1
7798,20180314,1
7798,20180315,1
7798,20180316,1
7024,20180306,2
7023,20180306,1
7793,20180312,1
7793,20180313,1
7793,20180314,1
7793,20180315,1
7793,20180316,1
7814,20180305,2
7814,20180306,2
7814,20180307,2
7814,20180308,2
7814,20180309,2
7814,20180222,2
7127,20180222,1
7127,20180305,1
7127,20180306,1
7127,20180307,1
7127,20180308,1
7127,20180309,1
7795,20180226,2
7795,20180227,2
7795,20180228,2
7795,20180301,2
7795,20180302,2
7795,20180305,2
7795,20180306,2
7795,20180307,2
7795,20180308,2
7795,20180309,2
7795,20180310,2
7796,20180312,1
7796,20180313,1
7796,20180314,1
7796,20180315,1
7796,20180316,1
7791,20180312,1
7791,20180313,1
7791,20180314,1
7791,20180315,1
7791,20180316,1
7818,20180223,2
7789,20180226,2
7789,20180227,2
7789,20180228,2
7789,20180301,2
7789,20180312,2
7789,20180313,2
7789,20180314,2
7789,20180315,2
7789,20180316,2
